0 25748.000000
1 25736.000000
2 25670.000000
3 25221.000000
4 25205.000000
5 25082.000000
6 24655.000000
7 24652.000000
8 24645.000000
9 24622.000000
10 24619.000000
11 24028.000000
12 23202.000000
13 23196.000000
14 23194.000000
15 23089.000000
16 23088.000000
17 22890.000000
18 22827.000000
19 22488.000000
20 22477.000000
21 22470.000000
22 22460.000000
23 22457.000000
24 22446.000000
25 22214.000000
26 22210.000000
27 22207.000000
28 22205.000000
29 22199.000000
30 22110.000000
31 22092.000000
32 22089.000000
33 22087.000000
34 21948.000000
35 21946.000000
36 21937.000000
37 21934.000000
38 21824.000000
39 21762.000000
40 21758.000000
41 21752.000000
42 21748.000000
43 21745.000000
44 21556.000000
45 21516.000000
46 21514.000000
47 21511.000000
48 21469.000000
49 21465.000000
50 21462.000000
51 21425.000000
52 21416.000000
53 21407.000000
54 21398.000000
55 21395.000000
56 21373.000000
57 21369.000000
58 21317.000000
59 21290.000000
60 21123.000000
61 20483.000000
62 20481.000000
63 20449.000000
64 20398.000000
65 20394.000000
66 20392.000000
67 20389.000000
68 20387.000000
69 20266.000000
70 20225.000000
71 20223.000000
72 20221.000000
73 20217.000000
74 20208.000000
75 20202.000000
76 20197.000000
77 20192.000000
78 20190.000000
79 20187.000000
80 20183.000000
81 20178.000000
82 20129.000000
83 20124.000000
84 20122.000000
85 20111.000000
86 20109.000000
87 20107.000000
88 20105.000000
89 19757.000000
90 19754.000000
91 19489.000000
92 19486.000000
93 19482.000000
94 19479.000000
95 19466.000000
96 19464.000000
97 19452.000000
98 19449.000000
99 19446.000000
100 19441.000000
101 19045.000000
102 19043.000000
103 19040.000000
104 19035.000000
105 19024.000000
106 19015.000000
107 19012.000000
108 19012.000000
109 19010.000000
110 19008.000000
111 18999.000000
112 18996.000000
113 18992.000000
114 18990.000000
115 18984.000000
116 18980.000000
117 18976.000000
118 18974.000000
119 18972.000000
120 18970.000000
121 18959.000000
122 18893.000000
123 18693.000000
124 18684.000000
125 18680.000000
126 18676.000000
127 18673.000000
128 18669.000000
129 18664.000000
130 18660.000000
131 18658.000000
132 18653.000000
133 18651.000000
134 18644.000000
135 18641.000000
136 18393.000000
137 18363.000000
138 18359.000000
139 18355.000000
140 18351.000000
141 18347.000000
142 18340.000000
143 18338.000000
144 18336.000000
145 18318.000000
146 18316.000000
147 18314.000000
148 18312.000000
149 18302.000000
150 18298.000000
151 18285.000000
152 18211.000000
153 18205.000000
154 18197.000000
155 18195.000000
156 17900.000000
157 17898.000000
158 17896.000000
159 17892.000000
160 17890.000000
161 17886.000000
162 17884.000000
163 17881.000000
164 17879.000000
165 17875.000000
166 17873.000000
167 17841.000000
168 17673.000000
169 17645.000000
170 17640.000000
171 17626.000000
172 17456.000000
173 17305.000000
174 17303.000000
175 16758.000000
176 16748.000000
177 16744.000000
178 16741.000000
179 16656.000000
180 16481.000000
181 16467.000000
182 16465.000000
183 16463.000000
184 16461.000000
185 16416.000000
186 16413.000000
187 16405.000000
188 16402.000000
189 16402.000000
190 16278.000000
191 16275.000000
192 16264.000000
193 16262.000000
194 16234.000000
195 16229.000000
196 16227.000000
197 16194.000000
198 16192.000000
199 16183.000000
200 16181.000000
201 16181.000000
202 16178.000000
203 16114.000000
204 16060.000000
205 16043.000000
206 16041.000000
207 16039.000000
208 16035.000000
209 16033.000000
210 16028.000000
211 15604.000000
212 15599.000000
213 15596.000000
214 15594.000000
215 15590.000000
216 13000.000000
217 12999.000000
218 12994.000000
219 12993.000000
220 12993.000000
221 12986.000000
222 12979.000000
223 12977.000000
224 12977.000000
225 12941.000000
226 12939.000000
227 12927.000000
228 12925.000000
229 12922.000000
230 12922.000000
231 12919.000000
232 12917.000000
233 12915.000000
234 12913.000000
235 12911.000000
236 12909.000000
237 12902.000000
238 12898.000000
239 12892.000000
240 12889.000000
241 12871.000000
242 12866.000000
243 12862.000000
244 12845.000000
245 12843.000000
246 12840.000000
247 12819.000000
248 12800.000000
249 12800.000000
250 12798.000000
251 12794.000000
252 12792.000000
253 12728.000000
254 12725.000000
255 11865.000000
256 11863.000000
257 11857.000000
258 11828.000000
259 11822.000000
260 11820.000000
261 11818.000000
262 11814.000000
263 11802.000000
264 11800.000000
265 11796.000000
266 11791.000000
267 11789.000000
268 11692.000000
269 11688.000000
270 11682.000000
271 11680.000000
272 11675.000000
273 11672.000000
274 11659.000000
275 11654.000000
276 11642.000000
277 11639.000000
278 11624.000000
279 11618.000000
280 11608.000000
281 11575.000000
282 11572.000000
283 11464.000000
284 11461.000000
285 11452.000000
286 11438.000000
287 11436.000000
288 11432.000000
289 11404.000000
290 11389.000000
291 11384.000000
292 11382.000000
293 11379.000000
294 11379.000000
295 11365.000000
296 11360.000000
297 11355.000000
298 11351.000000
299 11341.000000
300 11341.000000
301 11333.000000
302 11193.000000
303 11188.000000
304 11145.000000
305 11129.000000
306 11119.000000
307 11074.000000
308 11072.000000
309 11070.000000
310 11063.000000
311 10996.000000
312 10987.000000
313 10562.000000
314 10559.000000
315 10554.000000
316 10552.000000
317 10390.000000
318 10367.000000
319 10367.000000
320 10285.000000
321 10271.000000
322 10211.000000
323 10203.000000
324 10198.000000
325 10094.000000
326 10094.000000
327 10090.000000
328 10086.000000
329 10081.000000
330 10077.000000
331 10067.000000
332 10026.000000
333 10022.000000
334 10020.000000
335 10018.000000
336 10014.000000
337 10003.000000
338 10002.000000
339 9999.000000
340 9995.000000
341 9989.000000
342 9989.000000
343 9968.000000
344 9881.000000
345 9870.000000
346 9867.000000
347 9811.000000
348 9791.000000
349 9741.000000
350 9739.000000
351 9721.000000
352 9719.000000
353 9716.000000
354 9714.000000
355 9705.000000
356 9697.000000
357 9691.000000
358 9629.000000
359 9627.000000
360 9627.000000
361 9619.000000
362 9599.000000
363 9594.000000
364 9587.000000
365 9571.000000
366 9561.000000
367 8707.000000
368 8704.000000
369 8703.000000
370 8701.000000
371 8698.000000
372 8693.000000
373 8693.000000
374 8687.000000
375 8635.000000
376 8617.000000
377 8108.000000
378 8099.000000
379 8099.000000
380 8095.000000
381 8092.000000
382 8088.000000
383 8081.000000
384 8058.000000
385 8058.000000
386 8047.000000
387 8036.000000
388 8029.000000
389 8029.000000
390 8027.000000
391 8027.000000
392 8024.000000
393 8019.000000
394 8017.000000
395 7999.000000
396 7991.000000
397 7989.000000
398 7769.000000
399 7766.000000
400 7764.000000
401 7763.000000
402 7748.000000
403 7733.000000
404 7720.000000
405 7650.000000
406 7650.000000
407 7646.000000
408 7644.000000
409 7600.000000
410 7547.000000
411 7540.000000
412 7539.000000
413 7537.000000
414 7529.000000
415 7526.000000
416 7481.000000
417 7469.000000
418 7468.000000
419 7468.000000
420 7257.000000
421 7252.000000
422 7252.000000
423 7249.000000
424 7249.000000
425 7244.000000
426 7225.000000
427 7221.000000
428 7209.000000
429 7204.000000
430 7197.000000
431 7186.000000
432 7182.000000
433 7178.000000
434 7144.000000
435 7141.000000
436 7141.000000
437 7071.000000
438 7069.000000
439 7066.000000
440 7063.000000
441 7061.000000
442 7059.000000
443 7032.000000
444 7032.000000
445 6996.000000
446 6838.000000
447 6836.000000
448 6831.000000
449 6824.000000
450 6759.000000
451 6756.000000
452 6752.000000
453 6665.000000
454 6660.000000
455 6658.000000
456 6642.000000
457 6638.000000
458 6502.000000
459 6502.000000
460 6493.000000
461 6491.000000
462 6365.000000
463 6365.000000
464 6363.000000
465 6352.000000
466 6349.000000
467 6344.000000
468 6007.000000
469 5982.000000
470 5979.000000
471 5975.000000
472 5970.000000
473 5957.000000
474 5957.000000
475 5953.000000
476 5952.000000
477 5924.000000
478 5904.000000
479 5896.000000
480 5845.000000
481 5845.000000
482 5843.000000
483 5235.000000
484 4946.000000
485 4910.000000
486 4901.000000
487 4885.000000
488 4885.000000
489 4841.000000
490 4840.000000
491 4817.000000
492 4749.000000
493 4747.000000
494 4740.000000
495 4727.000000
496 4077.000000
497 4073.000000
498 4066.000000
499 4061.000000
