557
4
174
638
23
111
100
1196
239
2975
5344
297
189
263
277
508
533
1016
17
2195
578
3140
382
1068
6624
21
741
3270
10
1906
1
1
5
6
1
1
7
1
1
2
53
1
3
99
2
2
3
27
165
23
2
204
6
308
312
70
38
17
4347
2072
626
622
3841
3181
2530
194
538
249
40
33
43
1
675
73
18
1219
487
21
39
3
296
57
5
218
7
119
221
3094
1
241
457
2912
316
3425
1041
7361
128
328
42
1
1
2
10
6
2
1
4
10
30
92
1
154
38
1106
1
1103
330
3376
121
85
7829
80
28
157
106
2
64
1
325
304
603
21
2
149
1723
1
13855
19496
10380
4
1
12
13
41
2
1
27
56
12
121
1
1
30
1
3
13
650
22
3
24
2
13
558
1423
157
60
88
123
1438
2
187
5042
422
540
2849
91
8927
84
1
105
177
393
43
1
872
1025
26
966
232
1506
12
6990
59
621
3
1
1
1
2
8
4
48
2
1
8
161
269
1167
99
284
1524
161
45
135
277
4545
289
1113
206
28984
504
11
75
264
65
6983
164
8
2255
1374
1
1
5
2
3
19
24
1
1
66
1
21
15
137
275
1
663
90
223
1081
165
9
130
3174
7597
598
1255
294
4
17
2
1
2
1
10
2
75
1
1
1
72
191
48
365
934
9
1
52
18
2478
209
3506
1275
165
247
703
8724
4109
3230
3752
251
94
2
1575
2232
666
1715
1
3938
210
8852
1
3
200
13480
3153
3747
10
8
7
1
1
23
3
1
101
2
16
178
7
2
16
1
54
19
13
1822
7435
244
1
9264
2618
659
1
1
1
1
13
13
3
10
17
33
2
31
40
87
20
2
268
30
659
436
17
15
1886
955
459
3140
83
51
576
66
95
18009
15304
1
9
1
1
1
23
4
42
86
62
55
2
2
88
227
279
849
2251
1371
202
2515
54
8530
2398
18
35
97
1
11
2
42
1
16
14
107
383
1
780
32
703
45
1000
70
2983
3307
390
3205
617
683
2
14642
74
4142
301
7
290
270
2
5
484
1
3
145
1876
567
5
1
8377
66
1075
2267
1641
72
5
14
30
7
1
27
3
1
94
4
26
1
155
114
588
2536
1
802
60
2
405
6147
12920
1403
1
1
5
4
1
1
1
43
54
1
9
2
57
1
59
128
184
164
68
36
372
388
29
303
14
699
857
1223
110
16
98
10853
259
681
418
88
4156
1360
4932
1
1
12
6
1
18
10
3
135
1
191
8
8
1
4
26
353
1
221
1082
148
5749
20
624
308
90
750
2204
72
64
12615
661
15370
1520
11
1
4
110
118
1
178
7
403
10
338
20
745
2115
1
4201
704
4685
1342
11119
12626
3
12
2
1
1
1
1
1
1
80
1
10
114
730
1
46
49
875
30
99
1786
29
441
5
592
28
266
3731
699
57
1
1
70
3
7
1
151
5
64
226
57
1
122
475
100
1420
306
541
3133
4583
199
596
1496
1886
11475
2602
55
1411
519
349
242
11
5
740
5
193
202
1163
15
443
23
2580
46
405
406
8659
1
1
1
2
1
4
1
4
20
1
12
2
133
17
778
38
157
543
13
442
2243
412
3020
1296
329
16
154
1391
14220
1006
3
1
50
1
1
18
1
207
294
34
7
102
7
9
457
99
2
347
52
4883
191
81
37
7485
2483
221
13318
2
6
4
35
17
17
78
9
15
52
1
31
15
28
12
41
4
360
2
1
5
2
1
1222
1939
59
1130
211
2477
9210
963
323
1062
55
127
26
806
3530
552
4023
3566
1001
1
58
322
311
254
1367
357
1
7
6937
10105
1
1
2
2
1
1
1
12
4
2
1
70
1
1
12
67
11
68
1
12
643
33
70
2
930
3
324
1328
25
42
27
64
67
309
30
773
518
677
4669
775
2
10
9
25
1
53
792
39
104
1
820
2024
31
23
1022
3423
63
566
27
1830
567
12739
283
15
355
494
4
95
3
1
5
34
1
140
145
3
5730
6143
1970
50
4
207
1
26
7
347
2354
40
2676
1052
201
7306
84
4
5
30
139
429
2
28
11
853
50
96
691
1028
71
481
174
3806
345
483
1
2098
809
415
12174
1831
67
92
82
136
1
221
378
2
1045
99
310
249
917
127
116
134
53
1
167
2
13
3955
9351
302
415
2
6
4
7
4
8
23
18
93
1
140
1
17
2
370
20
414
1465
831
3842
1078
11110
3
3
1
5
1
17
5
1
108
2
10
1
5
1
212
228
14
48
950
6
1107
366
218
26
2880
225
1146
8604
51
6
1
1
105
1
3
45
170
67
164
2
211
96
34
3
28
988
6122
668
118
700
2422
573
4188
969
82
1107
293
123
11
2205
4354
21
708
9647
162
1704
823
17665
4
1
1
4
16
1
110
21
2
73
3
1
43
429
348
1459
720
42
149
3283
461
524
17
6970
1
485
356
219
270
34
8
2
139
263
26
3
2
298
68
778
326
24
15
1
8
2707
5948
3857
4
17459
21
1
5
11
1
1
2
147
7
9
19
2
58
41
3
1
496
224
40
224
168
146
1680
114
2
51
27
321
1
3383
6114
2079
394
1128
4489
1902
142
1237
4021
13482
9
1841
715
1
29
575
64
1553
125
175
394
3481
317
6214
2541
1844
15
130
1108
35
48
1289
97
5732
11412
2732
19
23673
90
6
2
4
1
1
2
1
32
8
159
19
21
1
1
1
32
344
73
408
253
2
1
1186
10
254
3117
10
1090
5254
65
1235
1413
11514
3706
15
1
1
24
3
120
28
21
278
7
5
423
1268
2175
5590
798
10107
394
297
1299
22528
3448
18
2
11
4
12
2
87
2
1
28
4
2
104
28
26
5
899
41
187
1512
23
2
55
28
414
3749
1104
228
7130
318
16067
2641
210
12
69
1
31
26
5
1051
88
91
41
1
1666
706
3311
212
636
6756
184
355
95
131
1
450
799
394
4
101
99
2
8
2908
2143
561
1
775
198
15769
1328
642
75
975
46
235
1333
60
146
5851
8106
368
8
3060
712
28
1
11
5
2
50
49
2
31
1
1
16
3
324
1
1198
124
55
250
14
74
1
61
7795
146
980
1
733
274
149
11
8538
6091
311
282
308
867
189
1076
1140
881
9
11
15
1
2
12
82
12
18
187
3
3
2
349
1
5
1196
6
188
1
46
461
98
483
1724
187
4301
786
6181
6612
819
7540
1489
1
1
2
6
1
2
4
2
2
5
15
5
4
1
12
12
1
1
4
174
1
37
2
6
21
33
342
9
22
693
1690
1145
2617
144
4
19
121
158
2346
398
311
966
2592
679
2350
14064
8081
5
3
1
23
1
1
1
24
3
5
12
1
69
122
5
68
125
5
175
6
32
376
1
70
1854
3359
1
28
400
411
1
1457
6997
121
108
2
1
502
392
75
63
127
1486
65
8767
5
17
1652
1151
10805
49
124
42
1
3
590
61
181
1041
227
1301
239
557
5109
1061
6628
4308
5
12535
2122
90
2
2
1
2
19
19
2
2
5
33
3
30
52
15
67
3
12
19
1
1
90
165
1
2
39
243
7
36
951
692
103
1020
2000
2253
1
3
566
172
322
8868
2333
16770
3773
62
1
240
5
300
684
42
719
7
970
194
1621
1481
603
6259
1613
6762
2
1321
6979
80
25
1
194
39
23
26
8
133
356
408
5
1129
217
1341
4368
3190
483
12983
10463
550
687
5947
13566
27
27
5
30
26
16
1
1
130
30
3
142
451
310
3
534
581
134
1438
4
86
298
949
7631
3925
352
796
19145
167
9
21
72
2
2
1
104
475
410
466
142
296
4480
2080
914
311
9764
3578
281
18131
2774
8
4
1
6
2
73
42
1
120
54
245
31
287
310
1211
1
87
1202
1898
1628
2728
3456
2039
14
2
8724
188
445
12
4
848
66
1
1
1425
445
50
74
21
1797
77
7
35
112
11593
177
13
4
7
23
4
9
12
28
7
140
7
1
12
102
437
46
23
1124
1659
61
485
3475
10932
363
6
65
21
230
4
133
903
2
311
2461
208
287
6044
17166
6
2
2
25
132
82
412
42
533
332
116
11
1715
2062
526
1256
5868
1555
9502
1583
4030
43
31
71
14
149
203
98
30
638
1397
35
332
1
203
3323
9023
1716
3
219
19
22
586
73
1
910
126
7380
362
474
11182
138
289
196
1
249
225
103
612
14
454
4
1122
131
3612
425
2831
4811
14
3904
1188
1852
8
956
759
4
1
30
112
34
1
529
2
51
76
1571
403
3329
122
384
5845
1839
642
890
191
14720
978
5
44
2
3
22
5
185
111
513
241
74
10
23
136
1
1412
2
1296
1708
185
2308
9339
517
7753
1
44
154
317
1199
1
124
22
1
3196
2
3990
11305
3280
140
72
224
1
32
3
419
34
1716
927
1109
137
1
14216
169
23363
456
8
1
37
1
6
1
16
173
35
16
5
4
8
5
348
1
1
31
2
58
608
274
1961
101
2090
37
1141
9
8994
1
2
36
1
62
11
1
2
3
4
74
1
1
261
517
1
33
550
44
50
55
23
1794
1
169
384
5943
348
398
8620
4543
8384
3
152
170
1
2
582
4
8
48
1289
762
190
207
65
3106
2
425
2808
1180
4525
208
8281
10961
487
1
3
200
13
8
45
21
82
2
1595
18
687
2
88
131
88
500
3685
6482
51
1
756
87
568
148
1043
6317
124
395
1435
26665
89
1
1
1
1
1
280
5
189
213
549
430
1016
2163
649
4
2961
2887
678
13632
1161
1
3
3
3
4
1
4
11
45
32
2
164
3
52
24
378
2
202
828
1
4
531
2297
13
178
6141
24101
8704
5031
10
3758
1
2
4
2
26
100
1
16
1
245
1
165
2
584
4
101
30
2038
66
3387
5012
455
1950
701
9937
3511
375
172
172
24
2
1802
101
1322
4272
765
10461
4380
4
10
10
31
180
11
29
14
231
10
15
2
2
47
665
124
183
1762
3994
4413
422
1749
559
19422
27
37
11
6
83
89
19
61
19
4
3
1
269
51
67
807
56
1551
183
22
120
35
168
3560
1
349
2
6873
362
1
1982
17403
15763
4239
3
12
1
2
1
1
29
1
32
4
11
1
89
1
2
589
4
172
13
117
2760
740
4205
1368
12461
3140
1
3
1
22
15
3
6
2
11
22
4
234
209
7
49
58
2
34
43
928
12
13
1298
2
313
109
233
3308
433
389
5587
981
2
514
3
1318
32
1
108
5
1
371
93
91
76
493
4
23
91
19
11
5062
813
241
8204
1395
15170
341
26
2
1
46
1147
1709
269
538
80
1089
2616
2938
5738
64
10654
1
4
3
1
9
5
2
1
1
21
14
7
1
148
13
95
286
71
308
32
42
986
12
1
68
2153
2386
2664
70
1270
1712
4051
5436
309
1
157
134
122
1
894
1464
355
85
1567
1132
904
4280
4508
91
325
389
10
148
846
7
27
4
52
189
137
376
1905
757
4376
1645
5069
578
1592
1108
114
3966
21234
4485
1
3
12
1
13
36
1
1
286
304
688
94
87
1
1911
2862
8122
356
152
1732
12945
1584
1095
13
2
1
3
1
1
10
41
6
49
220
162
40
7
104
34
37
466
5
174
1
15
1276
329
285
1
55
519
2551
750
9161
2655
12
11
9
2
11
1
5
57
22
191
2
80
1
1
6
164
8
564
682
2
1382
422
1886
1090
1348
3510
2563
4
3006
1175
1
1
1
9
15
1
86
1
2
122
22
6
2
1
7
5
1
2
295
652
1
73
1745
4206
6311
1015
185
10
60
1
3
6
1
1
1
1
1
53
8
1
2
1
7
8
20
1
2
69
293
1191
80
91
2459
146
5310
320
79
13949
30
101
5
1
1
182
1
1
1
303
651
1530
1
103
337
116
10250
863
69
5
63
1
33
136
339
2
1
16
25
513
224
163
982
3
49
482
425
2096
267
5789
369
883
1087
5
1844
7
2
4
1
1
18
2
17
4
22
45
6
1
1
19
1
4
2
124
1
778
1
5
121
157
24
68
1223
285
2891
55
167
397
6315
31
1128
462
322
624
1018
12069
9
20
13
41
6
1
97
65
430
24
78
399
276
2109
263
190
32
3
4450
31
3324
4464
21531
2
101
1
3
1
9
1
3
6
17
7
1
1
1
50
77
28
667
38
92
159
1305
1
7
1
29
3418
88
2620
504
3
8824
1661
2773
1630
12
2
2
4
4
1
1
1
361
1
6
8
419
96
101
1324
29
38
2391
3458
458
2
505
7824
78
361
328
827
2569
21127
264
1
18
1
1
11
1
1
108
8
1
106
67
9
868
62
213
1201
230
323
1974
1047
646
6850
15155
16
1
31
122
6
500
1
4
10
297
12
1
4
3229
39
171
5500
7082
416
844
6654
4
1
3
1
35
19
9
86
1
46
25
256
451
82
22
1051
79
2311
4552
1216
10203
2205
691
1
302
1
2
5
1
1
6
47
5
9
134
31
87
25
318
237
52
360
84
110
66
587
1033
81
28
44
1917
1
3
1862
581
946
376
1
2
1
2
2
1
6
1
1
1
5
1
93
1
1
2
4
151
1
331
3
249
1
540
483
1666
460
1430
2204
483
882
207
17454
6300
1
3
15
3
54
16
320
40
264
35
33
24
2
1
51
2
4
115
839
34
1
53
297
91
1695
21
710
5730
8573
573
26
20007
19
1
20
20
5
30
166
106
3
18
33
141
311
262
459
152
554
142
1593
1358
23
2461
30
570
8039
638
646
5756
1302
45
7
1
1
61
3
4
3
30
3
2
10
1
1
185
268
30
25
29
44
12
761
46
2110
1287
6
360
999
4374
3
164
356
1114
658
2801
644
13899
2587
5434
2
2
5
1
17
2
1
3
20
2
6
15
5
2
1
3
1
563
100
13
2
462
46
10
1825
1842
1239
118
800
3643
4
4
1579
126
222
167
2
13
826
152
64
77
586
1116
3178
510
89
51
48
614
16654
109
5779
1
2721
1129
1
2
30
1
8
32
1
1
1
1
2
1
1
1
39
1
5
4
145
1786
64
1309
112
866
2
205
5182
98
8758
25784
68
1859
906
959
4819
176
155
8549
673
9503
91
1
30
37
1
3
2
5
72
1
2
133
353
1
700
1503
134
98
229
4
4088
7094
19855
24
967
216
24
6
1
1
1
5
1
109
1
16
16
445
27
1
181
1
606
1
98
163
5597
6
7704
97
174
14164
552
2075
1559
1701
135
3
1
1
700
44
7
714
23
14
33
200
643
411
2
654
173
1
73
4279
5
5
4728
4754
11
1
8
21
1
5
1
3
55
66
10
1
1
1
18
1
1
226
16
4
41
417
162
755
3
208
1719
45
134
858
3264
2
239
150
270
34595
159
3887
7
2
2
1
1
1
102
61
10
2
184
77
1
97
23
12
1
20
297
52
2
71
255
75
1
245
10
2814
343
321
20
53
6
9781
6
1080
18
223
361
20482
220
8
7
295
252
77
1
606
27
313
1243
4
221
441
2456
6872
283
95
8272
2
19
4471
1998
1700
5242
116
20145
471
109
81
1
3
1546
198
1825
8
3
687
426
3596
1
267
1217
12782
15637
7
4141
6218
752
3
13
1
3
10
34
3
3
7
1
15
16
1
1
6
497
2
6
66
3
25
368
1
2
499
3
139
2
328
1271
123
293
1
37
39
1157
156
9846
129
6179
492
601
5621
6176
282
1907
3103
710
1
3
1
1
1
3
1
9
1
52
13
43
99
121
6
1
20
167
163
99
306
641
26
582
644
1
1
2
820
38
2169
2225
969
3116
417
146
94
108
56
195
697
52
10
1907
148
55
210
1625
20
5980
4
6510
1214
7487
10814
351
798
67
3
2
1
2
140
99
1
2
323
70
1
3
762
1418
32
138
14
10978
729
713
13959
2251
120
1
245
536
5
37
269
2
2
1
6
3
448
5
1
3
55
908
306
7848
6
4
1072
9021
1789
2
2205
253
91
76
1446
1
2
17
1
5
99
5
10
89
64
35
2
13
13
347
2
11
840
3709
1030
333
3
42
8320
1141
1217
15952
3618
976
68
87
152
1
16
173
1
157
2
2
126
710
508
216
882
1501
145
83
182
1093
1
8530
4
6556
241
1246
1508
423
64
6
1
3
11
1
1
1
233
1
9
91
27
101
2
10
449
97
271
71
15
3
56
3451
125
7
87
40
3363
5
826
20
7
22
6789
5520
242
8728
371
1660
3
1
17
12
52
1
13
79
183
59
70
2
1268
197
1370
1400
91
3113
2
340
13735
8
33
3
48
77
18
149
61
331
4
1
1090
60
485
1093
129
19
145
217
4577
7717
209
701
19300
4449
1538
84
1
83
206
30
302
38
61
101
1
56
56
2
2215
140
160
116
5466
677
7
1
2
5
1
1
9
37
68
1
20
2
141
1
36
866
86
52
1887
3678
68
6658
1
5
1
1
1
2
2
1
2
3
1
65
3
1
330
33
33
276
50
34
118
40
1
1
2734
171
275
12
5
59
810
214
65
14719
2092
2
2
4
20
2
1
6
37
58
23
40
8
2
94
48
16
27
236
20
74
551
162
5
158
1204
19
406
1
3966
3
758
20105
2457
773
696
114
48
89
9
11
7
2
14
1
58
396
565
1
42
208
67
1455
89
1
3807
810
7661
16
5
2
1
2
14
1
54
81
6
27
239
312
2
33
197
172
5
6644
141
65
84
309
419
308
127
265
427
1733
9684
7
3
1
9
10
1
17
1
102
27
519
380
166
10
582
59
1
1882
1865
2313
198
8823
7
7767
1
6
1
28
4
28
24
75
1
2
14
28
1
7
1
302
559
2649
445
87
4
4
41
251
3464
2545
1
9241
2216
4
360
15
1
1
54
1
94
30
77
1
317
70
2
63
453
126
3
1215
1
467
516
2965
631
280
6226
699
13898
7838
9
11
2
11
1
82
1
1
157
8
21
2
1
10
437
832
2
5194
1120
8758
2133
11012
313
4470
18
7
4
6
1
2
2
1
119
2
15
13
1
222
1
1
39
457
41
10
713
2
1850
630
1
73
1296
91
6009
14550
1557
11050
2045
1
3
1
12
1
48
19
10
1
1
34
12
1
44
1
20
250
18
198
7
15
811
15
13
25
682
1113
1040
1
85
332
1789
1947
1332
16895
564
1472
9617
1
2
15
12
1
4
72
27
5
10
17
1
87
4
1
3
1
221
15
139
81
319
44
382
1828
1548
2664
257
5985
1375
7270
1461
6690
1
3595
4
71
1
7
2
84
21
1
203
2
4
447
406
1588
1131
3685
798
17
7
9
795
8807
35
15449
54
1
1
102
161
2
1
165
2
4
3
10
24
762
1
31
11
2
1
146
219
1
5503
35
3
425
46
8056
290
167
5419
8290
38
1
3
1
6
37
31
1
1
1
2
1
93
26
146
5
4
41
487
1170
1456
91
60
153
33
3919
27
18
697
8977
1477
287
665
80
387
1
8
43
67
1
1
1
171
2529
38
577
1939
63
2763
9005
1480
32
42
238
395
453
305
104
4090
2038
1808
3539
1022
1010
24172
971
10
1
1229
2550
1779
241
71
103
3310
10485
1896
554
1
1
3
1
14
1
1
53
52
89
1
17
4
247
157
1
1
63
90
724
1
35
1366
205
270
46
1
3021
623
20
1433
7020
588
62
433
156
21500
19
2
1
1
3
2
1
1
36
4
58
3
120
10
2
10
22
18
300
5
624
3
64
96
112
4
1871
10043
570
1
1772
12632
7
34
19
1
31
16
168
1
492
70
5
19
11
851
3
130
174
602
23
1736
5
19
3
7597
169
5238
2506
5487
1485
6162
6691
3289
1
1
1
25
1
1
65
65
4
191
2
26
39
490
66
659
213
2024
1499
6216
900
1
3900
917
156
23
56
1
38
4
2
140
2
2
605
228
41
131
14
119
8
4031
699
2164
9599
7097
8833
1
24
7
1
1
6
1
90
1
56
37
178
64
1
723
37
549
21
2091
3547
667
78
4014
6517
4720
3471
7614
8456
2
8
25
1
12
1
2
4
5
16
1
1
1
89
3
162
90
400
735
45
5
91
4545
8175
243
2819
3
1
2
3
19
1
204
37
107
3
165
80
365
102
200
203
63
1448
407
2061
148
2
12
28
1
19
6456
1817
27
177
1
326
73
576
679
602
1828
33
1449
3
2857
4470
6973
17
1
26
7
1
1
121
3
1
96
188
224
21
2
1
185
242
243
119
1067
222
579
239
186
30
4
2413
32
6589
6399
7052
11564
17367
1
1
3
1
1
1
1
39
1
1
1
52
7
95
39
175
3
79
301
52
42
1
135
4
12
1220
3
1998
829
2971
342
148
2462
7192
1528
168
475
3574
13478
541
6263
648
6465
375
399
15
79
856
57
561
1145
86
1
1305
184
10
71
4805
832
10918
920
1136
403
103
5
5
2
51
1
65
9
29
1
72
319
246
1
30
24
11
3
6
2
14
1173
4
92
2244
161
44
131
8
5860
20
202
10963
10957
7
19
18
1
125
45
1
301
390
2
1
82
62
11
18
580
192
2
1774
483
160
118
1
203
63
3363
513
1428
202
106
94
6215
1585
136
2849
1388
3
827
31
1
20
29
2
1
642
332
244
142
14
102
4
8
2
20
1766
522
2251
112
954
26
223
5804
1798
320
687
38
1
3
15
1
13
438
108
56
3
1902
446
145
3060
7155
58
56
2
321
2519
18502
1404
301
748
1
1808
118
3524
962
5072
2056
1156
9
9
1
147
1
9
249
663
1376
1641
797
3
3
3
6048
6322
211
476
3775
20959
692
26
29
71
11
1
8
52
1
22
1
58
2
20
27
8
16
28
394
81
3290
346
56
16
342
5
1133
60
119
658
2
571
2879
125
4879
855
1007
71
213
1626
1
1
3
1249
3168
77
1301
1383
455
13
9538
592
14553
35
52
8
9
1
7
327
512
37
1
760
383
2193
1
14346
38
203
120
2271
620
1
5
1
8
1
9
16
8
23
7
1
134
1
79
16
15
858
1
783
880
16
55
2096
197
709
6029
1100
174
2327
13035
3048
801
2948
544
16
1
21
1
2
131
282
57
58
184
990
149
776
879
481
6
1391
6028
98
7574
25
9
5
18
19
1
1
89
192
1
494
419
294
1224
1666
3669
1150
16
16299
153
398
407
145
4
67
2574
227
211
251
69
699
16287
1516
20985
28
1
1
91
8
141
1
6
3
32
37
250
14
26
4
690
9
156
4769
118
1
2
705
20026
519
360
3518
1114
1
28
18
1
1
3
49
109
3
226
383
14
2
175
1674
2
1
1
1
8164
254
6562
110
49
1
343
939
2901
2024
1163
4630
331
1149
654
5
432
2107
1205
1297
9807
551
1
2
2
1
32
1
84
53
7
58
38
3
167
174
327
62
377
7
4216
2993
203
224
1932
13262
923
19028
105
3
21
113
21
276
63
311
747
236
6
510
173
16
2286
191
3885
9222
2
1
1
1
46
1
11
37
1
92
1
104
276
231
1
9
403
420
5
2305
236
1733
13270
3
77
1
182
95
27
2
1
271
8
1
63
17
519
171
1825
227
2669
894
95
26
373
385
1
71
8305
157
18587
202
675
1
2
1
5
3
1
1
1
1
173
223
365
17
817
93
1
5
355
717
2
1185
4342
204
10498
4433
1
42
6
31
3
94
12
8
7
33
1
171
529
1
145
1074
318
2204
5
3840
858
582
3
1
1
5
9
2
1
101
14
226
81
8
1218
272
628
4031
496
3
5
541
1411
436
9598
8322
1602
28
1415
5
2
2
54
39
1
32
1
1
122
31
297
562
1
13
72
10
113
1521
368
47
2326
5
108
134
947
5265
4
1190
13408
1313
3286
396
439
209
16
7
244
106
319
2
138
102
450
29
2314
4
408
2085
224
138
3658
3
9652
1084
11735
540
3031
3093
1728
754
3
3
1
1
4
40
1
9
1
1
1
1
71
164
391
524
66
18
1
1017
94
88
58
157
79
635
3
131
3402
118
6771
2845
11468
2256
6
1
35
1
83
2
1
2
2
1
9
71
1
636
108
22
67
10
5
30
2224
193
1251
500
2347
464
3283
4010
5
69
3
1697
295
7280
23815
2567
8
3326
3204
2303
2912
19
781
2914
15
14
562
13540
2401
121
2
43
2
3
202
78
1
1
504
18
830
4
718
842
65
614
7213
8342
7430
3
18
1
2
7
3
20
1
24
1
108
67
9
1
3
338
617
531
25
1030
1176
228
1204
339
2411
135
8872
20428
3142
317
228
9
73
7
31
171
8
422
48
515
517
21
56
286
697
1
1
168
140
3473
1
1
4
3
17
43
2
32
21
10
1
1
293
4
10
1564
248
1
1095
166
1411
144
125
5326
2
173
21441
1640
4
9
1
2
1
12
12
7
1
6
80
1
57
1
12
69
20
108
18
453
328
485
421
1
2399
4527
49
9995
2163
19070
4
1
5
2
1
10
1
1
1
45
7
5
2
122
86
3
112
134
165
50
10
177
98
40
778
110
165
95
4508
244
2955
764
2870
2785
7750
7177
1733
466
455
14
1
56
171
43
7
10
15
1
3
274
484
20
50
29
5
266
1307
1
35
37
6
3515
362
5052
308
1503
579
563
13889
2751
3735
41
1814
763
218
2982
3014
8609
75
190
103
1
1
1
1
1
3
6
1
14
1
2
1
37
161
59
13
43
5
411
605
139
1
1
50
671
655
158
224
105
124
1034
673
1911
20
5696
89
881
841
427
16
9
5
1
1
81
11
124
56
1
65
394
376
13
607
1661
457
72
860
2013
32
19
260
258
4
1531
1
6381
451
501
100
6894
1193
10
6921
228
4146
14335
4
1362
1
11
89
3
23
2
3
1
203
109
228
794
1373
118
4853
1
4323
122
4100
15496
70
1
1
217
15
6
1
378
22
21
928
1502
3598
5681
315
86
479
34
219
3011
14656
7
1944
2072
1219
46
126
76
28
1772
216
4295
7297
1083
19364
49
1
53
16
30
4
1
11
2
141
5
26
18
670
9
297
115
80
1
15
12
5
798
751
39
51
1637
163
1534
572
2831
4086
487
640
378
218
472
7314
110
6904
25
72
1329
2206
1632
8
4
3
27
1
1
1
1
1
15
187
115
1
167
200
339
600
89
530
1476
56
4186
495
227
8480
754
210
12808
283
8
1
2
41
26
7
101
10
214
50
425
816
28
1
74
118
2254
88
1423
229
2541
3221
1000
4345
81
2464
112
29
79
50
1
96
102
1
360
2
348
439
118
701
819
236
1244
31
74
1807
322
3118
923
10062
173
26668
1
1
1
1
63
23
29
45
1
25
4
7
469
202
63
40
584
160
398
261
1933
360
6010
12
6668
861
2484
196
645
70
341
2960
81
532
218
300
5
5628
5851
2468
102
180
4
3628
1893
23811
291
1
364
51
41
1825
2
829
2
3168
8056
438
43
96
1
876
16
1
67
127
7
5
2
1
1
4
24
1
483
23
760
72
520
117
3
166
166
552
138
3710
1
4461
1
1683
1
42
479
27
117
1091
515
19518
36
69
6
422
376
356
6
2
180
248
10
812
1991
4073
980
19323
48
1666
97
34
1
1
4
1
1
12
6
83
12
120
36
24
8
7
249
29
136
470
255
38
108
44
840
87
390
3595
340
570
9202
3
1
4
1
17
1
1
1
8
12
1
437
519
959
169
18
148
2499
3
5172
7093
1207
4839
19340
1547
104
488
26
3295
2
2
10
1
1
3
13
11
4
1
6
14
33
1
1
2
1
188
14
4
338
61
68
2
648
164
83
5381
6603
880
930
70
14047
455
91
2665
817
562
2
3
1
1
6
3
1
1
12
18
13
1
1
1
277
2
3
1
4
468
2
748
125
1784
3271
6428
235
1851
16102
694
1637
402
187
1459
541
1190
7982
6391
73
170
284
857
32
1
1
43
95
50
69
43
294
7
5
68
789
30
24
745
2136
111
226
1056
38
854
564
2877
80
524
16
2625
298
2069
17876
14549
367
128
591
1
1
11
2
51
1
1
62
142
129
114
147
20
1
628
487
65
18
724
181
1
180
1
1179
27
2230
3002
328
3682
13
1337
4281
771
2
8
1
1
2
2
12
12
1
101
9
106
56
20
406
418
1
116
1
255
870
63
173
598
3018
1469
6973
64
12334
6925
183
6412
283
2
1780
395
14763
299
1030
2101
841
7462
66
253
13
187
40
23
1
134
9
604
1109
61
107
104
8754
271
67
1309
19269
442
109
7
1139
104
666
1601
4797
3548
1448
4453
659
159
166
721
30
361
131
1392
471
1405
5
1460
49
2721
406
356
382
10104
536
2166
6527
305
1
1
1
1
3
8
11
9
1
3
1
11
19
1
1
2
45
39
205
1
15
54
435
28
1
1
248
753
210
1976
3711
111
5
219
15
919
997
12239
372
1
1800
320
15583
3371
849
480
302
5763
423
1596
1372
2697
63
1173
106
692
7401
877
944
3
1
1
5
16
2
11
11
5
7
1
1
5
10
91
160
6
292
4
21
2
6
39
1
677
90
1150
282
309
1
2985
882
7226
1
12562
3254
1005
7
2
8
31
17
83
3
12
1
80
7
144
140
5
1
1246
14
1
869
1074
413
47
4
4293
8826
1600
1
1
3
4
1
25
1
1
47
5
112
1
85
161
386
82
1
4
30
69
950
145
2251
124
210
1
41
5
5317
510
11343
3951
230
168
17
182
352
3
11
33
990
592
5611
719
240
8889
511
1572
3
1
16
1
21
1
3
74
162
1
88
89
119
37
924
23
1944
562
1173
57
15026
3
3
1
6
1
1
4
1
1
30
4
40
7
6
199
308
55
389
1277
591
57
414
3699
621
3440
3441
23
262
33
2
303
29
15
366
224
90
35
89
35
108
770
2038
782
1566
392
3273
12509
7
2
1
1
9
1
1
1
24
33
56
29
1
113
106
47
3
183
23
134
31
101
341
2470
58
91
56
13
3582
1166
38
2433
726
95
909
14241
10213
3156
3062
3
85
62
1
121
59
17
40
255
108
5
2
668
171
32
1453
22
185
7453
349
1248
2
1433
163
22
932
1159
903
6448
2
573
2036
14
27
86
47
78
127
114
370
298
53
4151
6
1894
262
523
1334
106
20
13
26
1
48
5
6
14
161
2
23
772
1656
481
131
3074
307
56
294
19119
483
4273
4027
11723
1126
178
8
18
745
2
81
98
49
100
29
22
1
117
523
620
425
2211
44
3
4
5853
293
85
77
3
10
39
39
1
30
76
144
5
15
397
470
34
13
122
116
17
1609
29
3482
767
5184
336
1753
149
3864
2517
26
15
10
2
9
32
2
95
39
5
1
1
16
60
13
2
1
38
83
9
81
1
777
137
8
46
473
1
1128
148
803
6
696
8657
239
8499
7811
44
478
4
2
4
199
52
867
200
618
19
7
44
145
63
23
39
32
2
792
59
242
60
1057
104
290
54
506
2280
1249
43
4961
414
3000
449
9493
698
26
2
681
306
1
3
1
1
1
1
9
7
7
23
1
1
2
1
1
74
1
1
8
1
8
3
5
12
2176
4
19
7
57
29
519
237
3023
343
38
245
541
7394
279
492
17
1
5
13
1
22
8
41
1
101
1
32
3
264
1317
301
1534
890
18253
17
616
5
93
1
111
276
18
325
1
932
35
115
177
1
73
70
2533
225
5111
6290
5
9
1053
3628
3
1
6
1
1
1
38
21
83
91
7
489
1
550
148
1
690
111
1174
832
262
1750
943
2118
6570
242
12902
18
125
3251
48
1
28
1
69
207
477
65
1
585
478
5892
236
4
2486
5083
192
68
2284
3591
344
16
114
976
291
1
1
1
2
2
1
1
14
1
7
5
29
5
49
55
6
1
12
1
349
2
629
745
1
630
949
1530
2689
791
192
63
72
1
18765
7
5
1
4
2
16
2
9
1
1
1
211
41
306
1
33
1
19
23
413
52
341
89
77
1842
2761
195
522
61
14689
926
8298
1660
2278
390
4
30
12
1
111
26
54
63
114
3
11
580
9
684
4
399
64
152
1654
65
4674
93
1342
343
6425
4
21
2460
3070
1
38
24
33
82
23
13
7
216
15
30
280
1
1
38
25
38
162
16
5
3389
363
1
200
14
168
1
1
37
2
394
73
45
1063
18
10
11
66
1549
1893
92
266
5612
8971
66
1
52
21
12
1
2
1
163
203
28
890
2
95
1945
3015
686
563
4
6227
56
17
1
11
1
5
9
58
1
1
90
16
13
179
357
29
5
24
722
271
6
93
256
30
2
318
109
6483
1560
8520
2104
3
1
19
76
1
143
6
2
1435
2
96
294
1
1
298
7933
8384
549
134
475
1793
397
41
798
1510
1249
1
1435
36
48
227
1
44
2495
1209
8319
6737
3585
6
51
60
1
141
54
4
228
3
9
683
39
148
6
78
1868
4272
24
57
369
6843
376
1
1362
28
17996
1369
2086
142
807
2
499
71
8446
336
167
1221
334
669
2
314
8750
1
1
2
8
1
116
15
59
2
94
167
1
1
1
173
72
12
268
79
3
445
1787
509
38
1
33
9
2
28
3641
5838
1
20
4
1241
211
348
10441
4574
1341
427
1715
127
2658
193
365
59
66
15
1140
25
768
19
1341
186
1069
71
1651
293
5
4270
2
11032
107
1
124
2
1
208
384
2
34
45
50
63
2
5
3197
337
1
117
270
4480
11095
13
70
1
11
65
16
75
3
440
312
11
116
76
2
2
385
2
1897
302
6
3220
339
38
44
281
5650
140
2
396
1
370
854
6788
195
485
199
6718
1173
36
237
3
2325
2125
12410
3250
196
861
7
28
1
94
17
2
85
5
48
4
299
82
32
14
836
1730
40
282
1648
39
26
1629
2
17315
490
3448
3758
36
2
5
1
34
1
1
7
7
7
1
1
109
224
17
361
1292
484
1922
3
127
261
4871
8893
48
3734
198
16
1
7
1
2
12
62
1
24
1
47
311
113
153
7
120
1
477
45
50
669
1069
36
1536
77
9173
8490
1397
1076
2
1
2
1
2
3
1
1
1
12
1
9
44
4
89
74
9
88
253
2
128
47
43
1024
727
15
5508
806
11234
1428
169
35
19
9
14
1
1
16
2
113
2
192
10
28
1
13
462
850
189
8
98
1500
798
68
4992
763
5824
1068
317
4928
269
11
1
10
35
3
8
46
1
56
2
2
3
14
117
1
10
138
3
55
2
2
986
13
463
63
18
1043
1313
96
186
92
5001
1
1085
4406
20
6559
1795
11240
1080
9
6
2
1
75
4
2
17
72
204
1
10
378
1
161
3
1067
1596
253
61
1225
3
8045
6775
2
3
4476
2
5
1
1
1
1
8
98
3
1
2
7
201
27
1353
31
11
2019
24
8882
3944
717
1
7
1
2
1
3
1
21
1
99
7
76
80
28
1
457
18
261
34
3
348
50
143
119
1652
1
1117
160
5007
1
2
479
4428
2
575
186
727
1097
6072
1614
836
32
9641
2
697
2572
12
1
163
48
19
1
117
163
146
70
138
133
23
11
30
1029
1236
3717
42
80
23
216
6725
647
166
6419
8247
165
13421
42
23
81
22
10
36
1
199
2
597
951
254
1350
4014
310
201
4115
3695
262
661
204
1639
17559
4
1
55
1
245
28
1
254
1
45
450
47
31
2
1279
26
1
164
1728
1
1
2167
1045
5044
12777
3948
4763
4
718
1398
3
6017
6
29
1
28
15
19
3
14
57
30
15
1
115
2
2
309
32
226
55
443
561
147
71
796
1523
21
1
1055
437
117
471
545
136
233
16
49
6292
297
1985
669
7159
18
1
2
12
1
56
2
18
2
5
226
5
3
4
1
1379
595
857
3
228
1554
103
76
2703
2710
136
3653
431
492
64
675
14111
92
853
3292
229
1327
596
32
17
1842
621
98
29
167
61
167
5580
32
9323
3268
20121
23
3
4
60
6
1
56
178
2
21
20
7
1
415
62
932
32
1653
258
117
40
4316
4072
177
39
61
7
38
2
252
11
27
1
49
19
4
39
230
1
23
2
1789
17
2
3
707
94
3454
284
264
7441
3
2
5877
533
1968
1
2113
4
5645
2
3343
1
552
11792
49
1
1
32
1
76
488
42
53
9
34
1939
2
754
2
3066
3
504
7372
2214
12151
89
4284
369
1639
1596
8550
1
1
1
3
8
3
3
6
1
1
82
1
38
2
1
8
17
180
412
477
13
8
317
36
5
79
3622
4
1427
6276
106
1
5766
517
14269
2167
1
2
2
2
1
4
8
1
25
1
44
24
114
236
9
1
5
1317
16
2
17
154
2
143
1650
98
107
847
20
5
3
3609
8473
4661
1556
4
3
7
13
1
1
49
89
15
11
195
23
6
2
7
156
15
14
1028
6
875
43
2
3122
5043
601
38
8418
146
5403
4
4
2
2
1
2
10
1
5
4
5
103
66
85
293
48
651
8
1098
511
2422
8
357
226
3
440
1333
4818
2410
1219
77
21215
1
5
13
15
5
1
2
88
23
63
36
121
114
406
186
14
1
2560
1208
5064
6446
3942
501
339
1515
60
29
3
27
16
130
98
165
1
1
10
183
17
771
1125
2598
14
49
1181
3
115
48
6777
15189
3707
4637
9
7
4
3
2
6
1
20
21
1
204
8
468
1
857
12
1276
2473
119
1
6454
1365
2479
8881
2024
3
595
20
1
1
5
1
12
1
1
1
1
58
25
1
1
4
213
109
35
9
1
506
71
1109
1
76
2045
4596
47
2146
11578
1
1
1
1
1
1
106
104
6
99
13
1106
122
824
771
157
1857
1
1385
681
6
1
5
28439
8
104
328
11
3
63
1
42
11
15
142
32
1
4
1
4
1
8
1104
27
70
24
69
1746
12
117
2854
539
1
3
1
22
1
28
70
1
56
4
106
41
2
318
81
545
36
41
1112
462
8620
2670
766
1618
1270
18364
127
1
172
16
126
2
22
5
2
553
48
1
1166
109
754
5
862
5350
36
860
54
3630
188
6125
475
181
340
685
190
3
132
1
4
12
12
2
383
77
84
510
374
435
1396
1197
165
21
1
571
2485
1
13595
2959
5231
286
1405
4
1
9
33
2
18
1
283
332
149
1
392
116
215
542
2209
2182
641
3389
2
2421
1458
9089
778
8644
82
85
63
68
87
3
10
93
1
1
575
976
187
1
2488
5336
294
12725
34
451
48
14
6
115
2
313
517
2
403
122
2169
13942
3
28
1356
10460
5
4871
879
18
29
2484
159
44
401
1
3
2
1
1
7
23
1
12
42
3
2
1
117
1
1
8
541
3
71
52
2
741
109
23
232
181
2025
4659
9017
1618
3283
12775
5168
3166
1751
305
198
48
4
47
483
57
19
163
125
1165
382
3209
779
5970
718
1452
14
49
1
1
2
35
1
1
1
230
2
4
128
2
248
288
20
1122
26
27
88
3
3
6
40
4454
6
195
222
1
675
6404
503
118
4
1620
6521
1699
101
22911
3578
56
10
4
1
1
106
120
269
1
31
1
63
608
23
205
1345
622
2283
1
148
525
19
2079
4570
1859
89
44
1
2
28
6
169
9
1
4
1
129
245
52
186
605
606
109
555
213
16
8
4
105
289
1
8963
372
78
147
654
157
3171
169
561
18375
314
1
71
2
3
2
31
47
24
30
122
41
288
1
304
3
47
4
2100
96
389
2261
684
43
3066
763
6225
59
68
107
6226
6030
425
378
147
3075
32
390
489
72
1029
196
551
345
207
559
49
121
2048
38
1673
2703
95
9959
133
17845
912
6
1
2
8
4
1
2
1
14
222
12
5
9
23
1
6
11
53
278
102
3
5579
405
445
4144
474
2
1298
407
706
711
15114
1334
1333
8
16
60
6
2
238
1
11
13
35
12
137
358
269
636
230
1286
330
351
2836
3
970
475
439
199
8069
3546
2
464
4685
10
4
46
2
49
31
145
2
7
12
24
260
13
737
125
558
7
82
184
309
206
991
3142
6250
1
3169
6600
66
850
4831
780
2519
1353
1
2
12
3
2
2
1
30
9
1
6
1
2
32
39
50
1
13
41
191
1
6
23
1
509
56
1
520
556
43
1
791
22
1426
5459
304
5049
309
1
1
4
1
46
61
3
49
9
4
1
1
218
364
12
280
80
623
1
665
188
65
1000
271
131
8697
401
25024
2240
1503
1437
56
266
1
36
32
406
595
240
1364
241
3856
4256
857
25
1203
1728
7827
6
1
3
1
5
35
13
7
145
7
21
229
2
167
410
173
67
35
107
31
1512
81
84
665
49
170
2912
23
35
302
242
73
2823
3862
7
36
618
2239
2332
5
40
1671
33
111
25
561
2
631
35
153
1628
1775
873
77
8948
519
10292
1455
2
3
2
2
5
1
2
7
26
2
73
1
1
334
310
39
1
1
7
4
192
1
1063
101
1995
42
712
183
1
15273
164
1761
56
15920
40
2
2
42
6
58
17
27
127
5
15
37
395
21
4
33
43
79
81
870
16
368
78
6
16
149
4660
445
860
1950
13847
6
36
27
2
93
136
1
36
344
187
94
59
229
29
37
13
4
1231
71
196
60
295
1
33
2
3738
3
19
4868
2677
379
29
684
1506
2809
690
1084
16
9
3
154
178
28
470
324
36
605
28
8
1934
2157
2180
5
1
1
1
7
2
9
8
49
104
3
149
56
25
65
1354
16
42
192
164
8375
1489
246
8703
52
337
1732
816
3
1
25
4
30
21
59
10
47
2
4
1
14
6
7
52
10
6
328
92
22
928
798
61
281
663
306
1660
964
1
6
3
1207
3270
270
90
57
985
2780
1678
1750
13406
2
1
1
1
10
1
20
1
3
39
88
1
173
23
198
14
162
1
408
1251
169
272
1030
198
15156
5
2
27
1
1
1
2
2
11
62
113
1
219
309
13
112
852
6
23
6
605
1932
288
4977
916
5253
3414
21191
408
1214
11372
1
7
1
1
12
15
82
8
2
21
28
545
454
293
43
1814
63
2395
2
2139
4602
1866
172
10847
7452
74
22
956
85
280
9
3
31
1
2
3
1
39
1
12
1
131
641
16
864
14
193
214
32
1704
287
866
20
4457
1064
7489
3448
262
71
4
12
10
51
1
1
10
35
121
40
37
17
342
20
163
2
226
416
345
2
2125
4433
9223
18
81
1
2
93
33
1
15
3
288
348
1
58
37
11
26
900
183
11
51
1540
105
213
397
306
2566
519
542
792
71
1044
207
9682
1092
16363
1710
743
1
28
108
88
58
20
286
603
6
1
114
15
82
1840
20
3834
4019
2751
1
119
3
3
23
16
1
48
1
1
1
95
1
8
159
8
11
2
34
1
7
60
4
10
29
433
42
901
5
11
71
1
2
388
1
1451
790
3984
766
6787
1345
1159
972
190
804
441
109
621
643
1
7
5
3
1
1
1
38
28
3
12
254
30
1
37
523
3020
274
2
143
3637
28
328
561
2817
310
10
64
1
3
15
19
43
1
75
1
18
73
2
257
198
92
855
3
128
71
653
1523
3358
10
10962
17845
4762
243
456
22
940
55
3361
42
42
86
197
431
214
592
20
674
61
64
2977
3517
8613
89
17977
2
2026
127
247
6
165
193
2
1
423
3
2490
1529
50
65
11693
573
7906
3316
1490
39
1
1
247
44
1
29
223
29
116
463
6
31
197
83
1679
3
353
2349
1230
6593
292
974
1533
14046
2563
219
1
4
1
3
2
20
1
2
75
8
189
1
4
12
256
900
2
128
725
99
792
140
2750
61
345
455
343
5486
13
2256
35
2
1
321
1
363
3
19
10
383
380
100
699
181
471
2
340
597
653
2
261
1791
75
175
543
2395
194
54
5576
5652
339
389
21078
3143
102
26
559
15
8
1
1
37
1
3
72
228
1
5
17
7
370
413
5
1361
2
1256
4820
2815
950
6759
222
4
62
3
1
1
1
1
231
1
373
193
15
2
24
27
50
47
2
1
1
301
4
176
3899
84
2463
2
733
6538
2255
280
133
21
13883
253
2475
2
3178
2
2
2
2
23
1
2
20
23
1
12
88
1
177
360
77
36
227
266
458
2
26
1904
4209
264
5
4479
2
1
4
24
9
7
1
23
59
4
2
33
345
1
140
586
59
1189
71
2800
889
4
112
1186
19678
7585
1
1
2
8
6
19
1
81
245
10
1
309
68
67
964
61
165
3427
101
2869
10658
376
14
1
515
8
1
17
24
1097
28
2
1
2824
84
15535
2306
2
1
2
19
1
34
1
15
1
2
4
74
71
19
95
162
239
45
574
10
8
1688
6
1
273
3697
1
774
5626
1071
74
13708
21
5223
303
1
2
9
1
20
102
25
130
1
57
249
46
81
577
62
67
89
3454
308
1091
9501
13245
480
77
7
13
119
1
3
197
59
461
852
126
49
13
185
2
174
2273
4833
436
408
1552
322
11434
312
366
13
779
69
1154
206
129
2447
1179
425
5
8032
6
1
3
9
10
39
144
94
77
158
231
1
1066
19
1591
746
109
3919
381
526
12
8470
37
26
5
8
5
115
64
55
11
219
46
1
36
551
1652
1
142
597
10976
112
559
56
1050
5
8
9048
9731
17637
3
1
5
2
1
37
1
9
178
1
16
1
56
290
693
20
161
2
37
63
1510
413
3373
4
8934
914
57
9654
68
2
2
5
158
6
921
583
728
13
1397
3926
3166
1252
150
6358
627
5735
3
1357
2
1
51
1
2
86
5
7
112
112
824
4
24
157
57
1980
15
3
4333
1110
8421
20221
2411
36
10
1
34
3
11
5
109
8
235
976
5
280
29
55
1969
230
202
299
1
27
3947
7766
618
28
1
2
1
2
97
1
19
11
8
435
5
1820
282
13
320
17
249
15
3378
962
2
6472
382
4048
1
1
1
1
1
1
2
1
1
8
11
12
1
1
13
57
16
3
36
22
6
25
251
7
554
35
4083
2959
2018
11631
1
7
1
19
1
9
1
12
1
19
80
28
2
177
8
324
765
8
167
22
1772
50
1584
78
1190
24137
3156
862
1
1
1
1
2
11
14
1
29
103
1
2
2
42
15
224
1269
183
116
4
1515
381
1072
2
2802
875
86
150
110
398
578
2
11878
42
1
1
1
2
2
4
2
9
11
13
75
2
25
124
20
2
11
31
370
3
18
3
876
168
6095
2635
37
143
3322
1561
628
1
1
1
3
51
1
1
19
71
147
25
228
23
12
1
187
1
654
2
1367
34
84
47
324
18
2758
3
227
957
7056
865
16441
2209
621
13
62
65
112
2
3
200
557
19
295
68
31
158
115
4
1002
333
66
430
3050
386
9
397
8271
891
18946
4620
79
37
3
253
177
115
82
306
35
1017
29
17
10
9
159
539
79
196
4092
342
4
83
345
13
189
5
1
5055
1
1
2
4
23
2
4
2
47
4
14
8
1
2
96
1
17
1
184
16
65
338
32
1149
1610
68
410
240
344
286
117
5
23
2
25
1
2
1
2
117
1
2
3
71
2
8
3
114
415
433
58
492
194
629
81
6245
122
5628
2946
2917
188
16885
409
3767
4
40
20
7
55
5
1
6
1
1
19
1145
116
785
16
733
329
1156
177
1888
3585
9
122
5404
14146
2282
1693
230
279
3766
5
2
1
1
14
11
11
40
1
2
20
290
24
450
894
9
2
149
227
181
1
2327
319
3856
60
28
1565
6947
497
2729
20885
1674
2
1
3
2
2
3
21
8
1
5
9
2
5
2
153
1
19
16
307
46
9
821
293
1054
2
2594
113
9
3
314
484
6040
1859
1825
1749
50
596
13669
2282
2
4
1
24
1
28
1
1
1
4
2
3
67
177
29
9
7
1
331
2
3
164
596
50
45
16
67
4944
1035
7131
1389
13
1
2
4
111
75
95
9
40
105
1
7
72
262
543
51
100
634
2
556
212
331
1086
135
80
40
1857
4019
348
1
7159
14143
1520
666
31
6
3
1
11
17
16
2
143
1
19
1
1
185
496
2
41
4
2
1
1249
5787
537
710
293
188
140
10216
778
41
751
670
888
5
551
131
124
37
4966
2198
409
745
9316
989
8388
1822
1838
1356
1
228
40
558
1200
158
1061
6
109
5
251
4963
5926
1134
186
3513
5
1
363
16
3290
17
9
1
1
58
76
115
328
14
671
67
1109
217
650
1927
326
1
181
713
9315
13775
4478
3155
52
39
1
4
1
95
131
501
206
864
2599
1569
3
3
1950
2
3399
9821
1
2340
4
12
2
9
1
1
2
91
1
1
37
76
16
1
2
2
2
465
13
858
1096
76
202
2842
977
562
6454
1992
3
16
1
2
1
1
29
6
1
89
111
57
1
56
321
507
257
1099
402
325
2406
1622
3865
158
72
1091
14
158
41
10
169
12098
3
3
2
5
20
1
19
8
1
1
6
44
19
104
1
2
117
326
510
1350
262
287
195
7948
574
179
372
36
17899
111
1
2
1
6
4
1
1
55
1
1
102
197
6
8
75
382
196
683
70
1
1
1745
96
329
1
301
4
3908
2665
7259
2958
214
1509
1007
2
36
1
95
49
2
104
31
5
1
9
911
37
22
21
184
1389
450
28
10903
1535
16599
4249
17
170
2
1
118
15
13
13
50
3
3
2520
127
3249
70
34
263
6551
87
125
1
25
2
13
1
1
8
7
5
41
3
1
1
1
1
294
33
73
6
82
3
477
4
102
1112
2045
1
431
49
4702
29
11000
4068
13
1490
2786
3273
6103
790
6273
472
2574
60
1
9
381
2
41
11
129
5
1
436
437
225
8
635
1201
7
936
47
401
2464
483
1
82
4584
19
208
4995
3
1
7047
1035
1
7
66
2
6
44
64
74
70
79
249
995
100
188
36
503
1708
1336
1873
5823
5176
115
1
312
1
529
85
5
906
1297
724
61
758
4370
6725
22
1509
3
88
1
89
817
103
31
1
14
6
479
6
2
741
52
159
1646
3037
103
9184
24032
1687
214
1
110
109
1
4
66
179
4
1
5
3
1
932
1
2756
59
28
567
2
1079
517
1
165
178
121
1825
6504
10
383
275
143
5698
398
563
55
3
367
1278
170
732
10370
105
247
92
331
26
5
112
947
28
645
1759
550
5578
11533
52
116
1107
1138
1
167
8
13
1
604
19
6
814
661
901
1
225
171
250
10
45
1890
3127
2730
247
3905
2044
6622
1943
7
23
2
63
27
1
49
60
410
372
2
292
267
641
16
1158
3252
6
8548
46
53
1723
3174
3781
438
19884
768
29
3837
95
11
3
3
8
4
16
50
129
5
1
1
657
1
36
50
1212
22
1868
21
928
4748
576
9139
32
2223
146
1
2
18
1
25
47
130
22
69
93
468
79
58
40
12
2572
448
3
246
5091
3
6
14
6
1
1
464
1
546
421
196
4622
25
276
238
29
198
2154
727
1858
1659
58
9346
1381
173
1
257
11
7
24
17
22
497
54
1157
1
8
13
5234
395
1538
189
168
1089
7150
3090
23740
2153
254
6
27
1
46
2
1
270
83
546
1882
82
1
92
145
3067
607
1500
6
7503
186
2
4
1
1
13
30
4
1
4
304
437
1030
930
1392
4
19
1624
4
9
7268
109
3
79
5647
2
1
1
1
8
1
11
4
24
1
8
3
1
95
1
173
263
6
1
25
1
2
66
57
714
1291
429
456
433
2853
265
410
653
6142
5
13531
7102
1200
19
1
2
1
190
1
14
1628
137
1988
147
236
4302
9
41
430
4
10
10
6
24
1
1
60
1
1
2
2
2
1
147
1
610
55
264
51
2470
425
243
7
18
4238
482
3245
3
7011
2469
953
368
1800
792
652
22
3
108
47
56
3
3206
584
3269
837
9042
12735
7968
2039
1
5
6
3
1
4
57
1
23
5
1
2
5
127
5
28
198
349
30
10
3
15
34
260
775
5
46
228
2551
182
2640
49
793
125
56
7149
3766
2700
746
1
5
1
5
2
8
2
1
1
34
18
26
1
12
6
8
114
262
15
134
700
104
1456
2
68
51
54
747
1
2085
151
682
2
365
18728
1831
1530
1715
49
78
3
5
1
8
1
1
45
15
109
172
71
23
179
74
42
657
167
1
1792
3505
1081
4117
402
5501
220
13714
106
194
2
272
48
45
71
47
61
566
237
905
8
141
3856
1
17801
33
8
8377
138
93
236
3
32
22
163
552
305
25
25
360
203
1300
272
1139
349
1962
126
224
2457
415
140
6514
110
1
1
10
28
1
2
4
95
120
86
29
371
46
1
66
269
60
5
627
3161
196
10
2592
762
4583
8923
8
34
61
13
400
18
3
541
151
38
476
212
734
443
1069
2
1
7412
54
14551
18178
21724
134
268
173
646
473
55
53
1
745
3198
4
4
335
5121
1029
1
1
2
1
1
3
1
1
2
1
5
18
54
65
47
292
153
1
622
288
7
10
123
1
334
5
1634
157
334
2
104
484
157
42
3339
676
3798
6327
3592
776
1
665
1
23
15
10
3
1
7
10
15
114
51
3
57
20
360
3
23
898
31
118
821
200
875
2
3691
323
14
7324
10462
300
4
31
320
36
1
1
57
1940
499
2124
132
1670
7
1
3991
14
1
288
327
4626
307
1
3
3
1
1
9
4
15
1
1
1
6
5
6
1
148
16
3
2
196
21
2
1
89
1
2
1228
16
171
44
12
317
1373
1463
4253
4
65
87
1043
4
9381
1436
3899
1
5
1
4
1
1
44
20
2
271
1
289
10
659
26
252
1
32
4735
921
6928
16251
1824
4555
61
2
1
1
6
5
41
9
8
1
2
3
53
17
1
19
1
1
1
1
6
478
5
32
3
1327
29
599
60
660
3070
10
781
57
8948
23
6013
75
231
2
1
3
10
8
1
56
25
15
1
63
100
312
42
187
81
1
326
1447
189
1159
202
834
6113
5916
686
8
5
38
2
52
1
3
5
13
24
135
19
2
68
314
256
1
47
30
495
64
751
532
149
393
1874
857
197
135
88
16
5
328
79
658
49
210
9
7316
19563
84
1
4
1
64
1
2
14
50
2
61
639
58
59
287
1
655
1886
91
66
24
300
121
3349
1134
3163
4893
1248
6761
12971
498
143
6393
715
570
15
101
9
1504
378
3216
4778
413
6
458
169
73
271
755
1438
253
12140
5811
2485
1783
2
1
16
1
9
1
133
1
2
1
125
272
90
41
77
744
21
1222
309
202
196
4
7155
649
14
14
184
14
689
44
2479
27
1
1
39
208
1
51
1
310
698
76
24
266
3512
150
76
39
6
1286
43
8434
614
875
96
12921
1
96
151
4
13
272
22
58
175
123
924
596
1637
3249
934
772
23
95
3522
13
7276
351
8725
54
24
84
17
2
573
60
1
624
255
1233
469
3880
5229
280
615
1902
10298
474
2546
706
1455
4122
1010
15
1
30
132
1
68
635
321
571
50
623
108
940
88
4924
212
3679
4648
9194
7
27
1
19
6
6
1
1
41
16
1
10
1
63
60
330
44
826
88
1260
417
1
1530
2295
70
6330
9530
146
26
84
1
2
1
33
1
2
2
1
153
2
6
2
30
16
3
68
439
1
505
185
65
7
2816
3133
7255
16
364
12861
448
933
3237
51
68
3
71
17
11
10
1
6
18
248
41
1
349
48
28
1144
1
1871
28
386
1
262
14283
1277
981
18010
6120
199
34
91
13
1
1
1
207
429
1
1
28
324
308
133
1523
341
4147
898
3616
2453
401
3551
3
13427
236
38
4
2
1
1
1
1
1
315
3
21
153
226
3
7
914
68
1886
2
19
1486
3
47
23
1537
694
1
80
3569
41
2795
730
721
265
48
290
6904
1510
5085
1349
3
18
189
325
951
6
1039
1166
1699
11
25
41
1
1
1
2
4
27
267
1425
1
1
102
106
1957
3783
931
2576
6551
139
6138
3132
3
67
1
89
2
132
268
16
87
2
2
1905
102
114
117
73
2017
21
6
3
246
938
233
141
7759
783
313
1053
14052
684
688
1
2100
1526
227
655
441
5846
3544
12440
1
3
2
1
6
24
1
366
21
336
39
4
2
4
1156
30
1
55
1
349
1506
857
3
225
2399
359
36
3052
5
24
1
27
11
1
57
147
6
5
253
219
2514
190
99
1
3006
534
79
2
88
1
41
1
10
532
48
1
26
3
985
1
3
60
57
2395
3430
1500
713
8251
1142
113
5806
13379
539
2
2298
146
474
1608
9207
12
1
2
9
32
76
217
2
250
39
429
37
413
63
752
1
844
49
279
1984
1289
4074
1
1435
869
1035
2404
173
13908
49
1
2
1
4
1
1
66
103
4
13
1
210
13
1
38
1411
69
2
219
2116
574
2
202
13884
33
848
1830
5311
4546
407
222
14299
26
2
91
1
11
5
7
19
130
19
1
276
13
1
4
90
59
633
39
1633
236
116
2657
835
71
8746
225
10645
130
2287
10
18
6
2
1
5
146
14
9
2
6
64
44
135
234
1394
913
265
1516
14
20
3
57
9
1
2
1
7
55
71
7
419
51
280
4
10
8
1154
180
1023
2905
3868
2880
336
66
621
2896
7
18
8
2
25
68
23
1
74
19
8
27
218
10
34
547
900
2
67
2135
34
950
2812
9732
1120
64
106
37
1
64
1
293
1
4
22
20
124
842
1393
1
3071
46
6
84
5744
262
4996
17250
69
213
24
270
1053
915
60
3886
5559
1451
68
367
5
1
13
4
1
1
7
1
1
38
1
1
7
1
6
11
75
1
212
20
40
1446
909
758
2
176
3
5713
7805
1883
21
8
101
1
1
300
1
1
342
64
34
911
17
3
188
3
4
7341
6633
50
7
2608
18
37
162
17
110
371
240
3
41
3856
22
4411
1
4
430
926
10563
49
1
4
2
6
3
12
11
1
3
32
73
132
28
3
25
2
238
581
1278
468
7
2402
309
1027
4408
1
4632
11591
162
444
6790
1
11
3
1
1
8
1
36
1
130
1
30
1
75
601
41
1
1163
1
2331
5
53
3996
133
972
770
12594
89
51
95
55
11
220
102
1
38
29
731
80
3
114
1286
244
295
3112
1069
1
7645
20643
164
150
41
1016
37
611
84
33
115
8
3759
6452
903
788
1
1
1
33
15
41
1
3
3
1
8
115
51
236
595
3
1301
1100
697
85
3005
204
2619
7441
1090
2
2359
416
1
1
1
1
10
24
1
10
1
1
35
28
2
70
1
25
209
5
20
398
313
584
519
79
1314
103
2052
2931
2549
15713
642
300
788
752
1
6
1
16
13
1
137
14
79
140
12
6
245
1
527
5
1398
76
1
128
98
2738
252
1
14128
136
18
41
1
86
5
37
13
230
14
63
565
210
73
1689
44
243
39
3374
260
1000
6953
31
16881
972
24246
1
1
30
11
1
3
1
47
2
1
196
312
1
16
881
298
159
446
518
1
249
32
105
7
1346
1843
612
284
9
3468
191
2753
668
1
1722
214
5086
1194
1846
108
12
199
200
28
145
20
817
1872
1882
147
997
440
4222
2362
563
3490
7931
1452
1851
2865
488
3
443
56
663
493
121
40
140
2583
2857
2093
58
35
495
423
20
6741
202
22
2764
1495
25584
2368
164
171
8
1
33
116
235
99
344
1201
1390
1541
11975
627
653
22408
1
523
1
1
231
69
59
790
61
1
55
785
970
1457
2812
127
464
8946
314
672
5786
14164
903
1567
1583
15
13
3
41
1
1
1
37
68
2
1
102
28
12
394
237
283
48
100
219
1184
38
432
128
153
2739
643
468
169
6249
13516
1212
2256
4
240
8733
284
2
1
10
5
1
1
1
29
162
12
140
16
56
20
7
575
650
328
4
2092
721
84
5386
122
40
484
323
61
9524
130
33
971
3772
2
17
4
5
1
1
1
2
1
187
53
27
250
20
143
526
23
122
2219
5405
2334
97
1058
3
2
11243
43
2620
6291
27
1
49
6
1
123
177
63
2
379
263
922
1816
111
1316
66
4088
10046
253
2884
61
125
2
46
62
120
162
168
16
74
2
155
35
34
2
22
2
26
19
10
1111
1506
547
105
1
7
1
5500
588
879
1
54
1
1
15
37
20
2
9
3
4
4
6
289
1
166
14
109
2421
234
125
342
3508
210
82
185
6193
107
205
193
339
218
447
337
110
679
17207
257
337
74
7873
19
18
1
36
35
35
77
357
26
50
1
60
634
1
162
489
31
1
491
101
165
74
211
1411
2003
263
853
1816
273
72
662
123
2650
60
747
8
428
230
655
2294
5582
638
1019
74
65
471
358
65
19
1615
2697
4460
483
8530
5
2289
34
360
2770
164
52
8
188
9
50
466
775
100
352
1625
502
1
1462
11600
257
5922
28
1
23
1
1
3
83
80
35
25
318
4
28
1200
6
3
5487
3146
4506
1273
753
13153
4411
3543
46
1
34
1
1
14
13
63
2
245
12
40
1221
2
44
2006
138
771
2914
1210
863
11210
1551
223
11252
2
3
1
1
1
1
26
27
70
6
10
154
1
1
29
3
415
702
97
58
4883
5145
339
166
450
1432
64
738
18278
5
1
6
3
2
1
29
26
38
226
1
175
65
1
240
1
59
691
4
1
60
1063
2
956
628
4062
7322
586
15897
2357
1
1
3
8
6
4
2
1
35
6
55
1
288
1
8
5
43
1
155
53
1
278
405
9
7
106
1
44
527
5001
213
85
22
3494
32
5145
109
4718
1105
10
6135
405
182
392
13
619
2194
22
1323
857
2
34
43
77
1
110
28
16
2
2
15
759
67
33
1283
539
34
161
2989
592
4509
2363
3
1
1
21
28
101
9
1
83
4
266
31
154
1
158
293
471
12
147
1552
17
4560
279
113
3977
13752
659
53
1
13
131
10
1
330
63
1
248
14
441
1101
83
984
491
12134
10199
18
2
34
1
1
54
106
14
1
5
288
467
104
811
6
92
17
1
2299
25
644
309
5042
21
2
410
731
11976
10
9
30
1
6
3
4
55
51
8
567
44
58
185
37
578
31
4
140
3212
2587
213
8018
504
472
1247
4953
6471
4
1
1
2
4
1
9
4
1
1
1
4
1
1
94
1
1
1
10
39
87
53
1
267
137
519
71
59
125
1693
2050
624
213
201
619
34
3
97
2
1
5
62
4
1179
163
18
1081
196
2888
457
339
7
1
22
26
493
6
19
6
2
227
452
1883
884
3724
519
19978
12948
2071
375
382
17
125
7
1
1
265
77
1
759
3
145
49
13
56
738
5
40
962
1
3602
8
469
275
9005
649
16021
24
2395
75
25
44
1
4
95
1
193
16
77
91
1
617
1
591
156
451
2
6
153
13
2897
5994
1022
7144
33
9
1
6
333
1
1
65
464
35
1202
104
1268
85
17
376
4087
96
25
293
3271
8205
300
1
1
2
4
2
1
3
1
25
40
3
6
30
14
56
224
105
26
24
295
15
987
4
38
833
1177
14
1718
3000
27
276
463
2195
15944
639
304
2
455
144
50
22
1520
179
162
3717
9
5759
2
846
103
921
177
780
1
152
194
12126
7
3590
144
1102
372
12
2908
6
19
1
16
1
3
2
1
1
45
1
1
1
6
2
1
42
58
215
9
1
4
2
139
37
16
628
968
569
1353
1191
2941
3050
172
4783
455
304
944
331
1
2
10
12
119
12
2
428
25
81
77
923
128
7650
463
139
4
2724
154
430
655
6511
71
406
9977
315
673
553
43
4191
1746
5709
6
32
83
2908
159
3
183
57
1
232
12
727
55
81
1367
318
2530
842
617
379
8640
13311
1691
236
1535
782
2830
1
70
1
1
72
1
2
10
11
19
69
20
1
2
1
101
1
211
1005
116
1988
108
99
31
73
62
1337
551
8
6
22522
32650
1
17
3
6
12
1
48
34
69
1
1
1
12
17
2
219
436
49
36
165
86
1238
6125
11
317
750
8
650
10801
1735
1764
1
3
1
2
1
1
7
1
1
89
1
1
2
4
9
4
400
1229
101
99
204
43
194
2069
191
584
4532
490
682
7
1
12
4
74
1
95
1
21
122
150
2
4
594
201
158
9
74
432
84
601
363
117
34
133
22
7056
227
4477
674
7569
561
141
182
1
6
414
729
1329
17
4027
113
495
7310
1833
2719
67
9
63
121
1
30
1
6
13
1
1
13
19
1078
1
1336
144
10
312
2275
59
849
430
6516
387
2
32
1
490
229
493
81
1742
242
4123
727
8687
2212
3415
967
2120
13711
16
2297
12530
2
1
1
2
2
1
19
23
31
1
1
99
20
313
47
229
1
6
2
67
2396
23
119
1
184
3968
5267
4238
300
534
5904
11571
4837
826
10
1
1
15
97
61
2
7
103
245
16
1903
4
2445
15670
731
2071
20338
61
14
8
216
306
542
287
1
1
1796
3291
49
4571
825
1560
2198
15764
85
1
51
1
48
1
55
157
518
1301
1910
82
266
3
284
3493
7
2229
1
162
13329
2
1
1
23
40
1
8
5
9
82
1
13
1400
10
43
50
56
56
749
74
773
1604
481
156
2082
9384
148
715
374
1831
9670
11480
47
35
31
1
43
1
85
45
11
33
1
1935
60
415
325
192
142
96
2719
1412
276
514
5929
1181
159
1351
2
30
3
24
2
2
1
8
96
18
131
1
24
5
332
31
3
625
1
13
95
42
1055
499
2462
84
609
6512
1405
827
16276
3437
1
5
8
1
6
38
5
83
1
107
1
44
392
618
35
1009
735
25
42
2
40
3614
5026
15
2635
11533
350
19
2
26
26
49
1
1
1
59
219
153
359
625
1872
528
1154
3692
8
3329
953
5086
7850
2280
10111
4240
5
154
4
72
2
246
488
41
352
29
2
95
1579
1706
1046
555
28
480
87
161
14678
10
32
73
14
1
123
1
6
39
13
381
50
821
1154
324
2704
926
67
1190
20533
47
134
35
1
1
149
396
742
50
14
19
6
164
212
77
23
146
2080
543
5811
6111
1
1
2
10
20
2
46
1
1
178
3
51
1
175
1
1
13
806
34
22
44
874
582
108
244
276
1968
1561
104
500
7569
425
120
1501
5431
28
70
174
1
50
335
13
67
2
491
1125
132
2
4851
6652
11082
121
1688
214
3856
2131
8
7
199
3
8
1
2
5
34
225
653
60
64
196
100
1304
685
2589
6909
3144
206
255
15
7
1
1
16
1
28
1
1
26
7
711
3
352
11
1261
1379
1153
486
260
1719
1223
8063
1302
77
1587
17215
197
151
2
80
309
40
52
186
25
340
3
1
1
2
3646
9525
8559
18052
1270
249
420
298
23
1
1
9
3
4
3
8
5
1
57
79
25
1
15
255
1
38
502
2698
253
4
23
855
4063
3
60
92
1303
8
2
2
21
1
23
107
88
12
72
65
372
2
1056
1
17
2601
1086
228
2
11
155
945
7
5697
708
131
512
2
1
9
90
1
6
1
53
56
110
348
291
357
57
63
1419
9
28
73
3655
228
774
2240
5638
6068
617
12078
17138
1
1
1
1
1
2
1
1
4
19
1
109
5
161
15
1
10
645
399
56
3
149
1181
28
45
137
1
311
178
2905
1
347
110
39
3232
3217
271
14409
386
17
46
414
593
3607
136
65
502
3
1
16
38
2
1
1
1
13
42
1
197
1
1
184
582
116
981
31
214
1951
6040
8131
36
2167
13838
1872
764
125
110
155
137
1663
254
952
28
104
161
1490
2813
3122
4981
4
562
8934
1141
351
7
1
8
3
1
10
9
16
69
2
96
88
14
4
193
354
347
1274
1298
133
1396
1
3362
9652
4308
3
1
1
1
23
10
31
1
47
2
1
36
2
160
854
77
271
1363
11
9
2
294
58
3679
5584
926
1464
15705
204
4957
63
13
6
10
1
9
72
1
9
11
7
1
155
22
546
239
1555
2512
521
10
1825
3
4031
1342
38
296
62
6453
501
118
70
22352
55
2
1
1
191
9
151
399
407
505
2
907
1174
70
1252
13
59
113
286
5
13505
2266
357
84
9
1
5
1
2
24
13
6
12
542
3
292
9
577
1
669
1
99
591
38
1
51
4
15
55
402
2975
739
72
3355
1746
9505
184
1073
20
9597
4210
13615
1221
1
883
6
410
73
373
20
89
45
513
1
48
4
926
2
196
6
60
2331
1
392
36
5567
39068
130
9
540
1
9
14
28
1
147
152
21
26
27
696
1
7
405
920
26
845
97
1592
356
1789
492
60
744
2398
2
1381
8279
2520
771
815
10
1
1
4
16
1
1
48
16
6
104
212
1
91
1
1
262
262
283
16
120
6
77
1536
372
3612
3578
459
4331
99
4866
11331
683
400
16
20
131
33
259
2157
4
1
5061
2
76
325
10418
1396
18
1
32
1
74
60
2
361
1
135
38
1
1696
1
561
293
3297
6
7355
913
12198
245
4945
1899
2783
1
4
1
2
18
1
2
33
14
162
3
1
61
13
22
220
41
602
198
174
20
64
1
1167
186
2
468
3942
8595
2
120
84
20
90
180
391
76
93
709
37
85
134
64
2451
2836
21
2
86
791
2580
6934
1083
1
300
18317
4604
6
1
11
1
1
29
2
17
87
8
1
1
172
12
2
129
39
208
56
572
1
16
303
551
28
872
314
91
25
2632
25
38
545
492
1
8343
6360
480
5448
1837
420
3
1
1
2
12
2
1
12
1
5
23
1
62
2
4
1
162
22
6
1
4
14
413
173
514
51
1188
212
3412
72
5355
2096
705
1806
13661
335
2
1520
791
178
123
90
319
76
54
1804
371
75
64
3882
10
3
200
99
8271
357
201
3
833
147
600
93
1619
196
55
1009
114
13814
3101
1178
279
13
116
1149
407
11
2516
643
526
75
7703
14255
88
61
6
155
1
11
90
24
96
30
42
2
140
811
81
763
6
39
155
2313
231
1077
682
104
151
668
5483
377
66
2562
322
5
10830
1001
99
25
11979
3358
13
2
38
23
20
65
1
148
9
37
2
1
2
898
32
2
239
4823
417
1019
6236
1728
81
37
1
4
7
1
140
2
1
282
30
1
611
54
1432
1285
92
1502
6273
4511
177
9519
2436
3442
96
123
31
58
1
264
1
389
1040
36
98
60
2328
209
117
321
2
4418
25
815
2689
8
8
1
2
3
36
77
64
1
174
15
72
12
153
217
49
959
1965
23
670
5080
8161
472
273
8
62
10
20
462
1576
365
2874
61
21
37
38
76
14
82
77
23
57
4
25
430
30
15
3
1436
1225
121
635
526
256
3742
1845
62
7041
102
1387
808
1284
39
1
1
1
1
4
1
2
2
3
1
1
53
48
10
11
13
2
172
52
34
103
335
39
415
727
3825
2955
61
3522
5072
7
177
3
2
1
23
20
230
1333
1
119
3
252
2407
11972
106
698
1106
1203
383
180
637
1541
555
1
4
1
9
3
1
1
2
13
1
1
39
1
33
2
374
210
8
35
242
16
1
31
10
913
137
1526
2
1
123
22
327
1151
7219
1667
715
1117
1365
9595
1
2
1
1
1
27
118
96
51
94
4
157
1
532
2
59
1
444
1221
263
161
136
30
2585
448
25011
4559
1
1
1
2
1
5
1
4
23
1
3
3
28
11
1
1
592
29
4
51
5
70
722
523
1
9044
10001
1672
3
3
11
29
49
12
1
1
272
16
373
2
2
77
66
126
505
683
1283
84
21
14
2
1
106
784
1
155
5930
7515
60
1931
17858
13
840
2
1
11
1
1
3
2
72
1
73
216
63
361
1
34
5
7
23
76
200
903
1
101
1426
51
149
1199
3640
45
23
8828
569
5307
890
318
16621
12264
784
152
18
36
30
500
10
400
490
137
14
484
32
10
3275
308
3
2370
6
304
10557
22370
2188
11
36
95
1
7
2
2
80
1
243
297
1
59
6
229
26
586
139
2217
1603
2781
656
18895
13263
171
219
1
1
164
51
637
975
1694
44
105
717
7
1
24
3244
703
10173
49
66
4354
1
18
1
8
1
70
2
108
299
20
58
2
936
11
43
72
2288
894
3067
2365
1193
6151
18838
52
12
1
14
1
20
17
10
1
101
33
1
294
515
4
423
1
4
97
1
3005
1116
4129
3
3
7333
5840
884
39
47
42
89
107
136
133
187
4
9
236
285
110
2
1
3460
1660
6499
504
5182
3369
1786
667
4651
500
8739
33
731
100
6574
5
2479
9763
740
187
25
187
21
156
120
371
138
90
1056
1
2616
14792
301
233
5
10
4
177
4
29
1
3
120
415
61
113
825
2144
103
3
7
121
37
1
383
5199
523
120
1156
1
4
10
1
1
17
56
4
2
3
45
3
35
1
32
143
36
408
11
260
3
744
81
414
81
44
111
1400
6
5
1141
3588
249
3349
135
12518
1
12
48
27
7
51
1
958
75
19
99
2
56
31
20
4483
379
1072
4354
802
1824
471
869
133
49
705
1148
49
2417
3830
30
8
35
501
819
8465
140
23
877
27
1
24
61
8
2
101
238
1349
56
2
10
113
258
44
141
1728
21
192
3960
233
394
2074
13
105
3
109
1
5
1
1
1
5
68
4
2
1
15
9
2
197
109
30
5
3
301
7
15
26
22
386
1
43
1655
168
66
1447
142
108
4
161
1707
228
274
2
257
6
26092
601
225
645
24
66
24
1
6
49
2
8
1
4
1
3
1
17
75
29
20
87
227
491
161
145
803
110
621
8
171
28
1
3175
243
14
4230
2827
768
5811
2494
303
229
5937
2092
14232
42
1315
368
11
1
69
23
9
66
1
1
56
2
196
1
436
30
12
1257
6264
153
95
179
596
1
32328
190
1637
1
1
7
1
34
1
1
41
94
153
42
3
348
2
5
22
2
5
114
1
30
2
73
2604
212
242
677
48
3105
12
101
661
55
2398
1
1101
15
9
730
18
1
3
1
3
2
1
1
13
4
174
105
23
2
325
3
116
838
60
545
4
39
47
202
2161
1853
1469
10177
13151
4852
16
55
1
65
24
144
288
9
1
8
66
19
50
1960
150
3837
1380
4416
112
869
6296
1
1
1
54
1
2
167
2
148
2
1
134
302
403
1301
2
134
1234
122
4534
6
854
9285
909
32
11
779
326
23
93
6308
703
8065
1864
2360
133
9
1
1
6
1
113
1
102
3
312
84
540
142
4804
1265
20772
16
3
49
33
14
65
197
19
1
13
438
262
44
1
470
1
191
136
3315
2563
696
1
9250
1
1
5
2
1
2
1
1
7
2
39
14
40
3
3
3
3
7
20
3
63
75
22
6
1
301
3
17
1
1
13
7
748
538
1
1
4
108
4
100
2538
75
5536
5511
864
4437
34
2
7
1
1
1
130
5
281
486
1
45
16
694
636
1768
71
15
115
122
23
4075
176
68
348
1394
270
11835
14917
1934
9336
1
5
4
17
106
52
1
573
2
100
122
681
178
177
23
2506
57
1494
2167
4
1630
74
890
13418
18372
381
1059
22
15
914
1
622
6
362
4475
1674
63
533
3826
363
742
402
1301
1981
2
3495
68
85
129
15
15
2
3
41
316
41
6
316
527
2
2
59
15
5757
105
111
8167
356
1
54
6957
962
37
39
1476
9305
197
13
15
24
145
465
135
142
1
12
701
5
7
2302
24
447
419
2
5177
1
229
2
468
11848
22854
3493
3406
219
137
609
723
8050
1541
202
321
337
1
13
1090
3
74
71
96
158
4
2274
3147
37
298
216
165
864
6879
197
61
861
54
1
1
1
3
6
1
378
153
224
440
881
467
1
653
549
3893
6792
2652
16975
119
1
4
28
98
3
6
2
85
282
4
655
291
1723
2648
1
5499
1141
330
666
14
316
678
2048
12351
3
1
5
1
1
4
2
1
1
20
43
27
43
121
3
90
1
2
45
9
29
1
222
449
1
2
577
1855
655
629
5101
297
163
782
12030
1
1
2
1
1
3
5
13
1
3
36
1
73
3
15
1
1
511
7
21
2
1
33
975
1344
3290
22
404
13
8989
329
4222
8
5
1
35
4
77
35
114
17
448
376
29
1
84
41
123
1434
3517
12
123
84
853
2
12
9
2
26
6
30
1
225
14
30
7
159
14
672
101
2694
7291
193
9
5986
172
11168
17
1
3
1
198
3
247
3
39
1131
246
179
16
225
131
1193
164
2
557
586
2584
110
57
267
1
1261
48
941
308
1244
1369
6758
4
5
10
2
2
79
2
14
2
1
158
79
195
1185
586
1438
1
7
4749
3316
1
9597
272
128
1
143
367
30
16
2854
1274
2743
558
86
389
45
430
3
194
10445
8835
2991
5762
1371
1
4
1
1
1
22
101
1
33
53
152
48
9
2
337
8
49
1
960
17
3
3
267
6405
1807
159
1009
7486
340
2490
15867
391
21
7620
1239
1
4
1
1
6
5
36
2
4
46
82
28
1
63
219
186
45
5
1
693
3
7
69
56
1361
153
89
62
3384
635
1
6623
1213
7542
5887
913
150
3114
153
1170
2
209
13
7
1
24
634
20
48
7
34
84
1447
5
1972
1
3639
314
508
1118
6
659
17
37
91
115
1
125
511
826
197
58
555
5018
2
412
513
4202
5260
3077
3
1390
59
27
1699
33
4054
4957
751
50
211
2498
11120
2
222
38
1
105
3
36
2
34
362
91
62
32
6
1076
193
28
2
2473
3412
1700
1301
61
8757
929
433
2455
17355
30
24
37
49
2
429
14
303
1
8
2932
128
2578
2
11834
320
12
294
156
16
497
1644
353
2834
46
699
6173
2221
2
12351
827
112
10
1
87
1
1
1
7
208
2
546
97
202
1
43
63
68
2912
117
119
1650
493
1
2418
4943
207
661
32
39
51
48
28
2
359
659
23
1
1
18
1
11
1
68
3
91
22
315
447
1
18
1
52
1
839
245
40
1
13
4
2861
2647
33
2253
356
6016
21096
834
589
1009
17
3
43
1
4
17
5
123
106
3
40
63
7
803
38
312
3
987
10
561
212
2272
390
337
6947
2788
4240
2
4616
3244
1659
2194
730
38
5
39
4
1
12
2
111
6
184
1
1
25
7
595
669
10
9
473
1732
674
3719
9801
165
1341
1387
62
1
1193
2156
11
15
1
2
1
28
20
118
1
1
4
2
194
5
136
87
3
295
289
2
55
4
777
1658
385
15
1503
6137
8616
24717
3
2
3
1
7
1
6
11
1
1
51
96
11
162
18
486
3
135
50
163
985
32
1626
81
44
6771
30
7
9210
1633
27521
1653
92
1
115
194
334
21
23
155
106
14
802
155
99
21
2510
60
16590
1255
1047
145
31
1
446
612
5
85
1
104
5111
256
1607
89
6917
115
1775
1
3
1
2
62
1
1
68
145
1
137
16
96
55
2
62
60
1
328
3
2211
1144
2752
3650
578
12997
7323
1431
617
3342
7942
439
7006
3118
6
6
1
1
1
1
10
1
1
127
5
16
37
61
3
1
1
1
14
1
34
5
130
219
409
1
1
989
207
2332
55
2526
2261
430
495
5794
376
16
15
3
81
488
30743
1551
2650
12
1494
12
6
1
1
41
1
37
51
61
1
2
2
1
17
640
44
8
757
444
6466
483
1734
9245
1301
98
1951
37
4
5
3
37
3
1
154
162
152
1
1
232
40
58
250
488
51
1
726
226
4695
3940
6206
2201
6834
26
1
2
4
1
7
1
112
1
10
139
732
347
1
145
35
1150
101
444
199
704
1
2972
5227
2602
637
202
149
13272
29291
916
1
4
2
1
1
17
1
1
43
20
1
7
1
1
1
2
12
35
1
1
154
1
1052
1
27
4
108
2
481
890
133
164
2175
1347
376
105
12405
313
60
179
220
70
20
24
737
3
949
1
6440
873
533
66
16
25
876
3
1
1
1
1
11
16
3
1
22
33
2
42
10
60
1
192
41
164
259
65
413
7
1471
2
943
629
1649
135
11232
7965
1
6
1
16
1
2
4
37
1
67
3
5
45
504
577
129
20
28
27
35
54
63
1
3561
2208
4134
225
2
896
231
970
37
4
1374
762
16653
3843
12939
6
24892
44
1
22
3
8
3
94
8
6
331
14
103
111
500
1
1237
394
3372
29
7281
48
13
14121
1366
5421
86
2
2
2
68
33
25
5
110
1
32
1
25
364
1
562
237
1419
2694
1515
9
229
126
5901
1751
62
139
1008
41721
1
1
1
1
1
2
2
28
1
1
2
1
37
16
1
678
41
3
4
3
2
68
2
43
4
1500
179
1297
212
614
149
1
84
241
3353
15
27
302
7521
927
1221
19436
2480
759
924
1268
422
322
1137
59
34
123
2
1
20
6
1
70
177
332
285
1
49
29
1056
73
224
2
31
907
3595
409
1
4098
8970
227
2050
868
1
63
1261
106
1
4
1274
29
253
2780
4762
138
127
15161
1034
30
58
54
3
19
19
10
198
4
103
108
4
3
5
4
561
56
71
263
1863
366
2885
373
3
530
6106
837
5
759
29
103
168
117
2
167
93
496
343
3
1325
2
2148
1
2
749
927
17339
3976
12
4
6
4
1
4
11
50
101
15
41
8
2
533
140
3
691
60
4
17
6926
374
651
1
7063
321
19398
677
81
92
1
1
6
48
254
1268
252
1274
509
2
883
2637
94
2873
870
7115
6224
1151
2
1096
1830
1075
3639
2308
145
6180
549
7571
566
24
47
12
93
6
14
1
29
155
1
5
109
311
1
7
2
1
11
40
82
1237
169
1309
4121
1045
40
604
1104
263
8099
8
1
1
1
3
10
29
70
93
166
53
13
412
807
125
1
357
459
2692
146
2689
121
194
16472
743
1779
15435
29
208
2
14
79
240
91
2042
70
214
12
95
3
285
1
59
2944
1299
22983
683
1114
2747
18290
4
6
2
1
32
22
53
16
16
126
29
387
617
3
105
1787
2722
298
205
384
1
536
7071
689
3
16
1
192
112
82
28
578
2
2646
55
7
91
60
262
1
142
802
5727
751
317
5889
50
4249
950
80
1
157
1
60
1
8
44
1
22
2
1
351
1
167
155
27
288
83
18
24
66
109
19
1118
13
11
1
18
79
102
390
3551
53
46
274
1634
7194
334
6987
2
7
3
3
8985
1403
4
1188
8
5
21
30
2
41
1
3
4
24
88
17
232
26
2
198
38
10
2
380
30
13
936
810
296
109
46
268
145
996
2089
3
320
697
5982
1708
5980
270
1121
9242
1250
133
104
88
102
194
1
214
17
6
1779
936
148
123
5136
8067
937
1456
1841
1669
49
3
62
181
5
6
38
1
286
33
54
609
5
23
83
2973
2900
119
441
5109
2661
4
5
1
1
18
58
12
1
73
14
210
58
2
402
94
65
2759
573
4744
813
359
139
12818
229
2
1
2
26
8
15
1
2
20
11
52
4
9
184
134
1
3
99
102
1
794
114
443
435
102
108
118
4
3
4
326
193
4316
6358
13220
30
31
1
1
52
2
30
1
1
18
165
1
400
364
302
70
1
38
1
134
1886
8
1
3
313
1419
2147
379
11
5415
589
1317
42
5539
1063
534
5
1225
43
11128
827
3
1
3
1
1
1
1
71
128
25
3
490
64
617
103
693
65
26
222
969
192
9
1722
3458
10371
485
12
14573
955
1008
71
3
1
1
77
42
50
15
5
192
68
5
458
35
132
911
334
1226
33
581
304
10
18
15
90
100
308
2905
475
938
101
320
1
29
40
1
243
271
107
892
3841
240
65
589
666
18613
4766
2
3
4
1
1
6
52
1
66
10
163
35
1
186
3
67
56
197
257
78
346
1071
219
526
3676
1138
4109
104
333
15621
4
1
1
1
2
1
1
3
4
1
1
155
623
21
35
95
849
57
98
12
134
4
142
2518
90
4015
987
12414
5
913
1390
29
1
44
1
61
4
1
68
250
188
8
3
300
81
3
22
595
651
27
7591
8
12983
7569
39
1932
789
12931
566
1962
32
73
4
80
1
4
2
136
112
14
6
6
256
169
106
3
45
7
1
52
1059
34
86
30
8
3679
24
65
64
2
939
904
6339
891
769
143
4169
10824
61
41
269
164
2484
27
5
2
33
1
89
82
13
11
3
313
19
5
85
559
1
20
2
6
34
83
1309
243
2868
1315
4961
359
128
254
234
108
2446
14129
5100
4
1
2
8
2
36
1
22
1
1
1
32
66
36
2
285
4
24
366
47
706
3
84
1888
520
2
45
738
5011
7353
376
3581
954
602
968
179
10
1
31
1
43
10
1
227
134
9
350
1
20
180
2588
115
1
243
839
4744
8495
5
2
1
1
1
7
2
7
5
1
1
1
4
1
1
23
1
1
200
45
60
8
1
130
137
71
45
542
2
91
167
110
1582
295
397
190
10602
230
13032
3007
1804
352
4310
10
740
13
19
729
215
1979
3691
213
27
341
5992
3
17
982
291
305
1478
13797
2749
1613
80
1249
4995
1
2590
87
4
10295
12770
36
3169
1068
1
1
1
15
1
2
27
1
139
246
1
447
29
156
493
319
24
100
162
2
1202
36
84
716
4815
4287
7459
3715
20937
77
153
34
16
1
9
88
20
17
157
3
1
573
129
195
32
171
221
30
39
1
1
781
55
18
671
153
3411
6547
958
31
2125
470
1
151
1
205
1
11
2
147
761
9
20
33
182
121
2667
2934
131
389
12512
2
283
33
8
381
1
46
1
387
460
1199
159
2
3891
26
8820
4
41
14834
983
269
1890
668
1016
342
383
1
4898
421
98
62
193
13
432
724
20
1
1
6105
4002
277
72
348
1
1
2
29
1
2
1
136
7
15
1
1
1
2
1
788
10
16
182
1158
153
6112
517
980
13568
15
1
39
1
63
8
140
291
20
1
185
454
2
4
101
30
1355
277
36
217
29
5
1
2738
202
93
9941
176
4
1
18
26
21
1
1
2
1
2
244
6
2
1
2
23
3
335
7
26
19
558
5
287
92
1729
109
2958
8083
1112
12904
9
10
1
1
5
12
1
1
97
2
74
120
274
66
117
943
4609
266
8080
1
2
2
9
15
1
97
2
93
1
1
58
1
54
304
44
23
761
2116
3021
205
822
3130
3
4650
17
1
75
1
88
25
161
146
36
145
74
398
1140
1
1013
1
3
503
4332
548
8384
2243
21684
958
79
53
1
9
144
460
2
2
22
13
1574
64
14
2427
316
234
3147
7770
1204
214
1756
2257
152
1
652
816
4884
139
967
365
33
375
21
11
13
3
1
209
2999
42
315
28
3338
485
57
43
111
423
2
5
160
1296
285
2312
2
28610
67
97
1
142
84
3
86
1
16
41
301
50
293
213
11
73
688
73
455
1
498
284
4274
2469
91
337
32
2629
1438
4
1
1
2
35
104
172
13
299
34
4
60
849
4
1450
666
1980
414
34
3
1130
8665
8436
3778
2
1
2
1
1
13
1
39
2
1
134
2
1
1
3
1
95
15
165
3
453
7
14
388
96
1
21
19
2035
21
7
7
863
2303
204
4041
483
11350
7255
679
8
16
5
27
10
2
337
72
1
2
133
23
1274
93
801
23
42
248
2450
1054
5
531
1
3368
238
3768
1112
6812
81
1
2
3
1
2
5
4
1
76
35
4
1
67
1
371
301
6
218
6
584
72
3
29
1
3158
1646
9476
7848
313
410
1968
227
57
1
1
33
17
201
54
1
3
5
256
30
173
60
1079
1610
2
813
3355
199
21194
1451
551
46
2215
4
3
101
372
198
138
2462
8
7966
536
223
29
347
7749
13855
1
1
1
19
42
1
3
5
52
1
8
4
1
902
258
28
11
105
1
616
19
7
2
144
1030
3
2907
397
1
8
369
1
3167
338
2970
9999
304
6175
3060
5051
11
1
1
1
106
3
1
7
2
394
1
22
85
727
1384
3370
1113
312
108
94
23419
1683
9
1
9
28
43
7
8
111
261
6
353
14
189
722
71
228
1412
1
1
463
71
881
3006
47
840
14
10905
3200
57
107
14
274
186
22
23
236
1045
37
1
1
1
5
21
1
16
10
13
1
143
219
2
13
9
350
20
1
22
44
20
151
9
3149
109
760
15
126
5140
9034
619
1370
6
2
23
1
1
20
1
1
10
1
85
8
153
5
1
219
29
7
514
68
62
1
258
980
373
14
22
55
703
2925
33
7974
13075
7268
86
96
2
1
9
5
15
218
2
1
31
6
20
433
3
62
201
14
1217
1
1773
59
3353
2
717
858
7129
681
1474
553
521
3104
160
53
13
277
3
116
3
818
696
362
1
6
1
2452
94
1478
248
2815
554
6024
4
17
660
130
6374
10456
75
21995
1
1
2
2
2
1
26
17
99
28
11
664
2
173
927
2564
537
12287
2030
30
18887
89
2
6
11
112
220
18
417
157
39
843
343
1774
298
441
172
2879
657
1370
935
7669
827
1052
6173
13466
2968
968
9143
20
44
178
325
42
1
833
69
47
604
4
62
10
2
2217
101
1287
9
164
239
202
64
322
7721
1
358
5059
486
880
554
6901
7
720
305
346
1235
2247
2
1
1
1
1
12
19
1
61
6
127
103
149
23
48
474
100
983
69
7109
343
533
342
1
224
161
191
107
7398
1208
3611
2992
2
1
23
17
21
2
319
4
1451
103
1427
228
545
1259
418
2884
1
1
23
23
28
12
15
88
5
35
150
5
2
5
89
11
352
140
1268
3
2829
2984
9
755
283
422
683
8314
337
94
119
2
198
11
1
546
90
974
2504
459
10912
3
720
444
307
399
1
1
1
3
5
1
1
24
16
115
1
81
1
1
32
132
1
346
78
18
1
1078
1088
6372
76
2833
103
7602
22
1
6
32
32
2
14
1
31
5
1
2
180
19
25
1
15
1
1
999
298
1854
2234
83
289
636
5343
38
369
773
82
1466
9125
553
8
1
7
3
2
1
2
1
5
107
1
14
46
60
124
407
39
2
638
2
2
609
13
196
5
956
50
55
1
2928
4
377
4442
2623
210
719
1090
138
669
5165
49
948
3
103
16
1066
225
43
29
6
6
262
1
1
120
731
234
1156
3498
4897
1113
346
2352
566
34
2459
16765
508
1
1
714
471
95
1661
306
3
9
6
3
450
450
91
17
2616
1463
46
7979
761
1854
485
586
11
61
11
1
26
1
1
278
13
306
29
35
90
955
215
2
139
1335
36
293
702
3293
349
1
65
76
1
28
616
744
187
224
8029
11
925
26
772
3648
1
47
79
1
1
1
13
189
159
126
74
1399
569
93
137
36
408
2
6329
806
5065
3931
290
928
748
988
908
66
403
326
250
2227
857
4747
104
77
13277
588
1
7
5
3
12
82
1
13
14
20
119
30
1
22
288
17
490
127
4
55
207
4907
443
25678
2335
5
7
1
1
2
15
1
5
31
1
1
1
1
5
31
155
1
73
315
338
2
24
67
354
108
1295
115
352
1571
811
3
310
333
75
280
7368
2
2
1
2
10
1
26
82
2
38
1
10
19
8
4
2
227
64
364
3
18
1
52
861
17
324
1
94
43
2531
5617
125
8708
1
1
1
1
1
7
4
2
21
6
69
6
34
25
5
155
40
29
689
1426
1308
755
1116
8216
6
3
1
7
11
1
27
1
1
1
63
2
21
2
410
610
36
48
25
1324
3
135
1077
1535
393
88
2683
4
2276
868
5979
3865
6
5749
15616
9
2
8
9
7
38
14
91
177
128
25
22
296
57
237
598
691
2887
263
7494
5499
7857
11618
76
9
105
1
10
569
60
126
28
1130
8
25
2669
20
71
12399
802
1362
499
2430
2387
1
1
2
34
22
9
1
71
1
5
12
156
3
45
297
69
1
16
596
119
7
10
20
111
25
1728
2
3870
7690
782
607
437
81
1
24
130
1354
62
3
44
1
2689
1
338
12076
988
4565
1164
12792
2211
2821
225
2
1
2
5
1
165
73
1326
312
1269
67
700
44
299
3487
1018
9991
1594
1662
421
18
1
6
28
17
166
3
5
20
293
1
3
2
300
2
223
2194
9743
1989
439
9584
7860
2
2
1
6
1
22
1
123
8
2
75
1
113
464
61
870
63
35
2
76
721
64
17
1148
326
7435
8536
6181
1
13
1
6
81
44
49
2
1
12
6
824
46
1736
2
168
239
33
101
923
368
3
3868
845
828
95
217
12455
323
1909
65
1
15
1
47
47
1
3
92
97
442
310
3
6
138
1272
2923
56
6952
14465
1648
80
1822
3
163
27
1705
277
2094
21
1157
9093
322
4196
133
22
1
20
1
33
17
1
62
17
2
6
7
38
765
257
38
31
1
1528
1
44
329
10994
3
2021
196
57
1
226
20
1
306
11
8
1
66
684
1223
242
594
3308
257
388
7042
380
3024
1
13433
1013
405
1
420
1
419
12
1
102
1435
86
5741
3442
100
418
3889
1
1
1
17
2
1
1
8
2
29
10
1
130
6
91
2
284
1
1
2
724
104
1
26
2217
4062
5357
338
120
221
1918
1
1
9
24
36
85
10
8
166
1
109
40
229
373
745
16
719
3276
1846
1199
8127
1492
16362
1
2
4
1
5
1
1
76
1
3
127
216
10
6
7
13
1
13
1
18
4
296
14
18
79
90
963
273
1
54
64
2652
200
5295
3
99
10227
719
10
120
34
229
20
2
11
17
2161
75
134
238
1785
74
5357
34
17255
1
6
21
5
2
1
6
119
52
175
10
341
910
258
602
17
1
1395
1415
3048
3404
4895
618
406
212
11
1
18
106
171
113
42
13
1
2
1
1
32
941
21
94
762
1
194
806
11106
235
1485
7710
5290
3466
1
95
291
1
2
52
8
1
8
543
358
141
28
580
2159
82
31
5237
40
3
12138
435
1254
22252
1
20
8
1
36
182
8
267
856
1090
1030
2911
767
164
10051
16
3
48
8
1
12
207
2
2
18
465
11
18
4
14
208
3
1010
39
2751
16
3642
9469
2452
1
25
61
34
93
67
129
440
295
1
2568
504
1760
1657
291
16901
2415
840
4
1
1
2
1
2
60
58
36
201
262
69
215
13
26
2360
393
3214
1
3898
2261
2022
15
265
179
244
487
5035
350
13788
111
156
16
75
535
759
2
8
987
1507
1411
490
2880
7006
1080
15
4
10
5
5
1
1
3
2
1
370
1
325
3
2
1723
2
1147
1400
1240
8
2037
1297
186
105
193
1
1
322
196
2
41
1
607
1
24
3
9
8
1188
684
191
2
1175
93
307
257
1508
322
279
70
56
4084
554
3056
22
8182
409
259
387
10013
80
2791
8
71
14025
3
63
1
1
76
8
4
1
31
148
142
284
2
23
2293
1235
36
228
22
53
2
3927
5871
646
96
5
52
1
4
1
22
65
1
446
425
157
457
675
1
31
103
2194
98
108
80
2
32
2396
46
190
57
2565
4
5687
1357
4221
25
1
5
11
104
136
331
91
48
692
29
28
1749
102
957
290
179
324
138
10
3
47
50
1984
389
12275
8600
107
310
5
38
300
12
97
325
3
116
1
1097
1969
15
4745
5
68
865
359
136
2184
7844
10485
7784
4465
3772
6046
7
6
23
6
49
3
39
34
11
35
136
60
2
16
2
1
56
526
57
19
796
381
1937
347
5
905
3043
574
664
8
763
572
816
4
41
53
1
1
9
1
11
15
104
168
35
383
31
199
663
4
214
182
1666
39
103
109
1
211
3849
881
15
4121
1
3
2
1
4
1
2
1
1
1
1
2
40
82
118
8
5
16
352
26
16
131
1
669
1562
353
4279
3
2
94
35
17201
1536
3269
35
43
1
5
114
1
222
354
41
2
347
676
109
458
9
6035
7995
14
6
1233
19463
1068
1172
1151
59
50
1
67
34
11
204
293
208
43
1
855
56
8
2387
15
370
142
85
5683
76
34392
1
1
2
1
14
58
25
1
1
1
2
1
78
17
17
588
56
67
3
1072
218
2373
571
3540
1986
8843
23
3133
23
1
97
1
57
194
51
356
68
142
683
219
1815
308
3334
404
135
1
1353
13725
75
15260
3
8
1
1
2
22
19
15
57
1
42
2
180
2
410
546
126
18
1960
3
3600
819
4324
302
213
4
3100
25
5
12
1
125
68
3
555
931
5
27
46
1
357
1554
92
563
497
2
12384
191
18789
10
843
1
2
2
1
1
32
10
13
5
23
18
225
11
17
35
73
518
681
14
8
183
104
65
107
541
2
1
6871
899
174
9116
255
1036
1102
2
1
1
3
11
1
2
1
1
1
45
1
1
8
78
167
371
1
97
1
2748
19
1374
325
633
352
8599
917
156
73
5
1401
83
1908
3545
956
4710
1
2
103
2156
14729
137
3413
3923
102
8
1
7
16
1
1
108
2
2
4
100
13
2
11
841
130
79
53
1307
240
3330
1296
5714
376
14666
7
10
1
1
8
1
1
1
136
40
10
35
246
383
141
2
89
1364
64
2110
4395
11
384
100
8435
412
2133
397
467
332
1223
2476
25
1
1
62
2
86
2
264
305
29
50
842
138
706
1643
33
6
3822
15695
738
1
34
21
91
7
1
5
54
1
1
2
1
22
1
3
5
201
4
436
62
45
125
54
324
2
156
678
2596
2042
2375
155
827
4
9
8
2
1
9
15
1
3
268
2
51
120
340
462
259
863
224
2990
18
2267
4641
29647
6
6
1
2
3
1
3
15
65
12
59
1
66
2
96
35
18
209
625
10
2
1299
91
5656
50
2
5
312
8995
1857
404
66
126
1
123
10
308
738
118
50
1291
145
211
68
1
11099
896
6337
7818
296
1
3
35
1
11
1
1
26
1
40
286
117
1
471
1048
23
233
93
2168
87
1
4587
1006
7199
163
904
50
871
1026
24023
234
4462
1
35
1
1
6
1
7
1
120
50
1
251
405
2770
172
18
1
106
3650
20
47
148
425
306
1011
839
57
1
1
1
1
31
22
9
7
5
29
1
5
5
1
64
49
850
3
58
441
764
346
1428
7329
18
1000
4
1
4
1
1
1
1
9
1
2
1
52
2
132
3
834
409
19
30
1
16
68
29
437
90
1324
22
21
340
389
4068
1
2370
63
30
12456
72
38
5
3
23
366
54
42
62
786
928
308
3529
610
5853
2772
16026
2240
17
1
39
24
1
1
224
3
154
1
18
26
2
107
26
38
641
11
200
399
2
13
87
15
850
211
1
7
99
331
3249
7
107
138
195
1
973
6707
6
823
86
47
50
1
1790
78
3
789
11013
4384
3373
4713
678
7795
6
25
5
8
25
88
2
57
1
348
5
1
2
1
54
41
344
285
842
93
836
4443
5808
2731
11431
805
1
2662
1
1
3
1
2
1
6
29
8
2
24
3
64
117
147
5
497
199
4
6
1
1397
57
339
1
46
2568
401
236
2
1569
18464
6479
6
1
2
1
10
1
4
6
1
112
1
158
32
8
1039
193
1195
176
13
1
23
2307
1603
355
1479
6321
11575
5531
1953
1156
489
1
1
471
973
2327
5073
111
1252
423
58
562
1068
363
7
28
1474
2968
3167
159
13426
1399
2
7
2
9
19
1
5
129
12
50
11
589
16
906
262
2052
427
68
31
3
17503
45
20769
116
150
1955
89
80
1
561
29
82
214
14
127
4
2249
3
244
3949
647
6
11162
5223
105
10
67
2
3
2
64
109
1
349
13
34
113
397
470
98
1653
1026
343
6041
4806
3
178
45
283
5166
56
816
6794
95
782
1293
10547
134
5
1
523
26
7
7
545
241
1678
1
3384
369
5
8093
375
1232
2014
12541
2410
32
1
48
22
25
1
7
1
16
119
30
2
326
117
31
777
1786
3216
656
158
8836
10585
3
3
1
5
1
1
2
1
9
6
1
1
1
5
61
6
1
9
4
19
9
190
510
264
648
21
17
2172
1174
241
2508
1
724
2241
651
5
28
18
4
135
2
589
163
1317
228
48
2663
48
497
921
179
24
6749
780
924
15328
282
886
1616
784
78
1
7
1
332
1
35
344
4
66
41
1142
26
229
1
76
5088
511
4
118
1
1
34
19
6448
705
3241
376
2372
1072
29262
10
8
14
11
2
1
3
1
26
1
92
71
1
292
13
15
1160
822
5
1463
1767
2146
771
10802
6313
12250
1
18
1
12
1
1
1
22
206
136
21
7
411
14
3
670
456
683
974
180
273
3965
660
3214
11942
3191
333
380
7
1
58
569
2
854
848
94
85
3371
9
645
61
2152
505
11892
4
8
17
1
6
64
70
42
38
72
20
1
1
123
296
7
747
60
1
650
1231
2732
396
23
496
154
651
239
1
1
10
26
189
6294
6883
856
1214
8871
1
19
1
4
27
53
16
1
47
38
68
183
382
737
125
80
30
435
6169
31
3
239
29774
2528
648
27
14
65
4
1150
93
627
709
91
11444
6425
3164
200
6
2
3
1
51
73
1
50
83
1
277
25
63
2876
2270
1410
1
419
5131
3
1
5
1
11
43
1
1
3
12
211
34
7
88
180
33
881
41
74
1335
450
3
1419
50
249
79
91
2540
391
6010
15091
600
1133
10
2
8
1
6
14
71
1
2
1
7
41
12
1
1
105
103
356
1
84
13
22
916
1534
1
1
451
344
12887
542
3408
1
8
7
1
1
27
22
182
239
260
1
315
2
370
111
3
32
774
771
1
34
397
1029
2204
151
162
155
126
704
1054
950
26
11116
196
1
2
2
3
2
2
1
5
1
1
145
1
119
23
13
276
1
65
815
26
1314
2
2
163
170
308
3402
175
90
5269
463
644
2330
14694
4
13
11
5
29
1
1
1
70
2
9
6
1
27
11
2
1
1
194
2
61
945
111
1285
2804
28
1445
3
5086
95
1
291
1
11931
8
899
8062
1406
34
133
221
1036
89
67
284
82
3024
597
226
8599
99
11260
9195
24
83
65
175
280
790
1287
2
2044
1
110
2
479
210
1
474
240
7898
234
1
4
5
24
1
3
20
1
1
67
1
60
3
347
635
2
110
438
2
1994
409
1792
6483
3755
1241
5
7553
2
8
23
2
108
2
124
5
11
50
319
21
2
4168
31
360
480
1365
5934
1866
94
15036
2419
1189
46
5656
1
3
1
3
4
2
1
1
1
130
172
1
157
1
174
602
78
135
44
104
1212
217
72
102
2828
107
1024
10
206
348
9025
7715
1
1
1
1
1
3
73
394
90
40
20
242
2
546
2
82
1853
74
4229
285
6465
8981
441
2879
2279
3229
43
2
9
1
5
23
2
121
1
14
107
1
1
224
271
452
577
110
1742
2321
2248
10305
1733
328
21957
178
13
13
29
1
9
1
64
4
2
160
187
7
180
302
1
2
2
324
96
41
49
2
1388
659
128
1085
2828
5891
227
1552
1536
16852
22
117
173
89
12
420
228
28
631
462
267
111
95
61
1248
11
4061
116
11114
5481
82
77
43
4
184
2
1
154
66
5
300
986
5
1
314
1748
193
576
6034
75
9275
728
3909
1
21304
56
68
8
36
1
2
176
1
224
101
19
1782
706
68
2125
112
1692
5209
234
1783
11810
2
1858
2249
50
1
1
1
176
95
117
1
11
11
16
116
63
1
255
45
351
1
26
38
1
1913
999
46
422
2
398
20772
1
1
2
1
1
1
1
1
111
12
262
9
10
1
1
2
422
40
301
48
720
1605
65
520
1471
291
2307
7
3428
380
4694
682
1512
981
14
214
6
39
36
2
16
251
23
42
27
33
3
569
91
203
18
1
1320
166
3202
6539
1346
1560
6531
23
4268
4450
78
3385
1
20
1
12
15
2
5
8
42
20
1
22
248
215
55
36
2083
1361
6
76
444
145
25
84
1
1952
189
1554
1
8160
19058
1
4
8
12
1
1
6
1
50
24
11
35
82
116
3
2
730
22
648
489
11
2
246
2503
272
6438
106
145
4189
1154
13
9
5
15
69
67
1
192
1
9
10
2
2
16
439
17
3
1
1026
2
88
688
1359
6
2
3276
115
476
174
8303
481
3130
17
1
2
1
18
1
91
2
1
3
1
14
146
3
1
483
92
196
1234
1
148
330
8638
3922
16561
2376
1
4
1
2
8
58
32
1
16
51
1
140
175
6
262
188
3
136
855
145
3
391
15
127
2
4
1
2
102
77
31
24
5
2909
256
2
184
113
280
1
4344
3507
1072
92
17250
1782
4679
7
16
1
2
11
49
79
25
1
25
197
2
75
508
603
2
237
83
3
1424
4013
101
108
968
7567
1454
26
2
1
1
96
35
324
3
31
644
1038
107
1
31
183
57
563
4937
4202
951
104
19
18182
4
1
1
2
4
35
1
20
1
1
135
1
67
313
20
21
1
44
60
590
1
87
9
6
650
11
22
5
18
3624
1
99
145
452
3
978
6072
650
1433
5855
201
542
4
512
232
297
89
111
13
11577
15696
233
271
486
1
1
4
1
1
13
22
91
239
38
19
1171
145
53
19
1904
30
16
99
13
519
208
6211
710
1
7759
1638
130
1959
460
2
842
9
3
1
1
1
6
20
1
9
36
13
85
1
6
1
12
230
523
42
673
70
281
169
1833
35
1014
756
12244
674
2141
1396
21362
361
152
10
169
24
332
252
3
54
342
188
572
3824
2
205
3
464
8331
1547
18691
2
1
1
8
10
1
17
1
5
1
54
30
110
113
19
443
183
1306
209
1011
1
62
4209
820
8400
1880
9445
7717
4176
7717
6062
19
1888
2329
6
5741
156
4
5795
248
204
12
5313
1
3
3
7
11
2
1
24
14
55
227
173
26
64
52
460
284
154
514
360
2
119
156
727
30
3676
6927
11777
1069
13
44
5
1
1
28
1
1
27
11
1
3
95
553
696
240
1809
2986
59
560
95
52
631
6267
753
17
1
2401
16589
64
9
43
33
1
160
1
222
219
1
273
76
2040
47
66
33
7
1
6
54
4
2879
155
41
209
1
161
1880
13528
155
315
1123
1263
321
1349
28309
320
8
28
1
535
201
966
1756
347
62
12972
151
1
1
1
1
1
1
1
14
1
57
33
1
218
8
11
16
1
360
63
1
289
1340
1166
682
43
1246
3176
605
2238
13669
8
158
810
3382
498
1
277
1
52
114
1358
1795
382
3027
3
1838
345
226
576
11922
52
4
1
5
44
8
5
101
17
70
1
4
196
1
1
230
171
281
1
916
51
56
159
318
36
2468
240
2090
14
1
1
3466
1
11792
9698
482
497
174
761
2811
150
7
9
164
51
114
181
1
39
14
198
39
334
8
15
63
245
367
22
181
57
905
320
1873
80
2
1851
40
412
919
1487
3
891
348
208
9
7640
3291
1170
294
290
6
326
62
38
768
11360
5542
5267
3
9
5
1
12
1
1
18
1
278
2
277
94
5
5
713
76
1241
1225
3970
179
18895
1874
4054
473
440
5
6
19
482
36
1198
33
5332
2522
8715
277
3335
3044
130
1
3183
20
191
107
11
2218
5203
1096
284
10
2
3
2
76
2
1
358
415
617
43
1
2
32
5
1724
3785
87
838
67
390
2043
7866
4364
1
1
1
12
26
17
2
2
2
5
15
145
3
84
1
11
1
1
439
261
50
2
558
467
2310
174
391
22
65
9781
151
6370
1202
336
1
8500
1807
442
37
3
122
2
7
10
1
3
2
343
519
4
34
47
541
602
1311
280
1506
17
2127
72
50
3960
7624
14
14296
7545
12841
6868
1421
1
9
2
1
1
4
1
14
21
1
15
53
1
4
21
3
418
578
12
236
1146
40
105
140
395
2472
3
277
578
1039
5780
37
1884
15
1113
3
18218
25825
2656
196
114
1
1
335
15
8
39
1
19
1386
255
75
308
1495
383
1188
4765
6945
912
4
391
4098
19090
565
1392
316
6
58
2
10
2
107
86
115
2
5
477
1955
872
351
59
158
31
12
5505
22
710
422
8670
19444
1656
7990
1
2
2
28
3
5
33
5
25
86
152
58
70
3
426
12
879
160
193
106
1538
101
63
1
58
212
1
4293
438
1285
626
272
416
8212
2685
16603
1139
2
2
16
1
6
37
3
19
90
61
130
2
3
1
932
1
127
259
189
646
87
11
1453
1320
2518
4
560
7838
522
3680
1
18324
548
210
32
5
1
1
2
419
46
10
598
1
355
2
28
1
1958
3827
225
1
17
1
1
4
2
1
77
41
1
6
4
83
6
1
91
3
3
2
11
16
827
1990
3
20
2
120
50
168
28
11395
71
24
668
776
1
41
165
1
24
185
14
55
18
2
9
9
6
3561
4020
71
252
2
235
2314
7211
107
981
4731
28
101
1
3
13
383
208
5
5
3
126
72
2
500
1826
1
3088
143
462
35
6069
6
676
15566
317
3781
2832
126
170
56
86
91
32
1
338
91
399
260
105
61
15
1178
716
3156
1
9508
13529
3
5
49
27
85
2
2
449
43
692
1406
261
451
126
12
13334
111
85
1
37
185
2
3
41
5
64
327
8
200
13
596
37
49
514
1870
803
2
5848
11972
1
68
28
1
71
2
16
195
330
1
4
8
1
957
1
4212
86
7017
40
111
1
11
14
2
2
259
1
3
321
169
1
3
11
3
1238
2471
21
43
325
206
5898
333
7
3
42
2
43
1
8
22
62
168
252
14
92
1
624
21
8
1109
1
110
315
9533
76
500
753
314
1333
209
256
5
1
7
12
1
3
199
1
846
1147
334
179
324
65
3429
557
6092
495
1820
989
8555
5956
1279
3996
773
1913
2591
1
1
47
4690
579
7086
1936
347
3
95
845
399
3618
48
22
4
16
1
34
60
2
1
1
183
2
209
1
22
2
139
2
781
20
4
48
1528
18
1
351
1322
16
207
6
260
1642
71
310
6932
250
713
155
87
476
6651
10233
3
2
5
1
7
2
2
1
1
60
1
1
260
72
20
2
1
330
118
1565
1346
3
174
178
2421
6295
546
125
577
4051
3932
46
40
1
18
1
39
28
178
27
2
15
384
47
1703
1
3022
10872
203
3404
613
76
64
114
3
19
27
1
41
358
2
23
1966
310
434
3039
121
478
248
7206
2154
14910
1589
41035
23
2
9
14
6
257
4
4
209
237
42
1
13
2135
2052
37
2
76
2150
677
73
93
5874
1106
7
1118
1070
49
12736
1136
5643
1
2
1
3
2
1
3
43
1
2
501
32
11
53
29
787
42
1049
201
347
59
9471
3100
13929
4604
1006
2
4
5
1
14
2
75
2
6
136
78
43
7
1140
416
618
1582
908
380
11191
166
1
3
2
16
57
1
1
159
57
16
136
433
21
54
11
26
1
295
4
67
135
1675
902
76
1951
4
91
357
383
1
6852
317
48
5
584
3886
32
4
1
2
1
1
4
2
6
1
11
5
81
1
62
1
311
306
1
101
339
1217
1306
180
26
48
1418
32
1882
4431
239
100
110
6635
1
1
1
9
6
1
75
1
1
4
87
1
1
16
1
1
23
88
88
9
30
416
115
2
4
19
114
14
879
314
17
1428
482
504
2880
531
624
9452
3258
391
1647
3
73
1
158
282
157
83
290
9
1145
1011
104
124
17
55
1
4
1
982
373
11074
4210
7
2592
84
1
1
105
2
215
130
218
6
53
69
1809
102
1290
62
4573
3571
5670
709
19367
478
1772
1178
62
21361
1
2
2
9
1
36
33
25
3
1
6
1
56
12
1
520
125
418
724
1702
167
4051
3
176
7735
1
1
3
24
2
2
29
1
25
1
5
138
75
16
78
287
2
1
1
269
505
112
30
1494
32
119
18
1375
73
4023
1820
245
32
3
21274
1156
1304
25
2
1
2
2
2
7
9
1
1
2
1
37
1
1
80
216
298
72
1
676
104
1552
217
3062
308
1784
3363
95
19
8112
3
20
10
2
3
18179
1
3
7
1
1
12
18
5
55
1
57
111
157
14
17
2
2
439
1
218
162
112
2
7
688
218
988
556
1
637
459
136
6063
464
4799
2
66
2
1
54
2
261
180
14
544
540
16
1
897
146
1545
1394
1
6068
204
5
563
343
6923
7629
1
2
9
6
1
22
149
2
1
203
52
1
12
413
25
696
81
83
3
1754
295
3632
69
22
296
905
828
6672
4849
40
1
40
23
112
60
24
98
1
45
389
133
716
206
31
213
5911
129
918
1187
1
318
9061
9
1
36
2
156
3
7
191
20
41
11
374
755
3
3
53
3775
2885
3716
107
5404
558
1363
1
1
83
16
79
101
1
78
18
4
1
106
1
1
1331
186
2116
17
264
401
344
3170
47
712
8543
607
573
21665
1552
2196
220
2
1
1
4
1
3
4
11
26
1
11
81
168
277
1
11
28
47
2
1
798
121
977
94
2578
285
480
1
2235
5088
2968
16167
2329
7
3
32
1
1
15
1
1
2
7
74
1
636
341
40
1
390
88
48
465
1
79
51
8
1119
3703
695
8349
972
4866
1
46
1
19
20
16
60
1
1
166
61
95
560
20
1
2495
353
25
3
6256
1152
11083
1643
1
1
3
4
5
1
5
28
60
2
371
44
292
1
69
31
73
126
6
2780
124
7599
6387
520
498
35
1384
14
824
14715
579
969
2661
210
67
12
7
36
4
2
1
1
135
308
1
6
350
24
295
6
11
2
558
3
574
411
1380
29
1
1176
448
2115
52
10427
8698
2
2
1
2
1
10
6
1
3
23
33
1
3
1
11
1
139
646
31
2
580
1
82
64
4
31
630
24
2122
134
11119
18
1491
616
303
2450
72
1908
478
128
25
235
439
392
2213
6
4553
696
110
9545
767
131
713
2
21
70
12
56
2306
14280
7
11133
2
1
4
1
1
9
7
21
17
29
11
6
1
9
4
5
142
9
34
268
83
42
820
1551
182
8096
1163
623
739
13883
2573
18
1
1
119
2
10
5
2
5
143
8
767
34
41
126
197
107
3567
540
30
155
2
431
29
9719
10584
38
37
2
1
1
2
4
102
196
134
25
548
8
385
6
1675
1669
134
7
1568
171
910
7812
377
2227
2532
188
15
1564
11805
1
1
6
1
11
10
2
12
2
84
58
1
87
84
402
1
2
120
1
362
472
30
55
103
2007
257
3262
166
808
3146
14127
890
780
12941
5
3435
200
181
51
137
293
31
25
10
154
145
149
510
172
1
2645
24
3
40
67
5203
245
21
28
12
10680
1911
20
13
1429
10
1
2
1
1
6
9
10
45
69
3
1
176
15
32
342
121
1400
175
1362
4056
698
23
1
6
1
77
1
1
132
1
535
9
22
273
125
1633
1
6
159
151
2
9
247
1961
1938
396
22
64
2081
93
228
4825
6095
625
94
463
18
325
307
49
391
261
1415
3
620
10
1029
91
269
3678
131
8997
1684
6173
15482
209
205
338
135
679
13
14
257
193
1498
312
252
382
277
13804
6
2771
1
1
2
1
3
4
19
1
1
113
52
1
36
9
102
88
3
1
263
3
17
33
1431
153
28
4091
608
2796
2
2
7
9
1
7
11
8
1
12
10
1
36
113
1
1
194
10
497
320
34
127
743
3168
519
1810
3577
6512
2621
16421
711
250
3666
3950
1
10
31
44
7
1
40
1
47
5
73
27
3
7
10
163
7
510
45
1
228
151
537
27
1199
1579
1841
273
258
363
11
48
151
80
2775
3563
2132
499
1
1
7110
1
1
1
2
2
2
3
11
1
1
98
1
11
27
1
363
247
1660
5
672
13
2620
466
223
5987
134
2311
6
1
2
1
1
2
1
1
7
23
1
2
1
4
1
381
63
10
23
369
144
43
793
332
1557
112
27
2
388
238
322
5300
10
9775
2261
442
1148
458
17
4
2
6
2
100
9
188
274
57
999
1849
2714
1227
1664
16628
10
7
6739
5
6
1
1
3
8
2
13
8
84
1
66
12
175
335
43
2
334
502
30
205
691
1920
4181
408
201
2434
190
14396
374
650
13987
1
3
3
2
18
1
1
28
1
8
81
81
14
3
9
1
29
296
94
491
115
1356
99
2
94
3609
8151
760
1
959
11691
5416
234
265
207
35
1
4
36
1
10
15
9
220
21
1
42
33
1259
54
303
548
1083
820
2
12
346
244
5368
12501
451
1028
4
89
4
95
1
3
237
640
50
9
10
1
2875
176
664
1
1160
3655
47
485
605
33103
135
1
15
1
17
1
21
3
3
73
8
114
209
62
15
92
60
694
1
191
1295
3079
1105
1
96
467
7532
13919
2
1
2
3
12
110
3
441
16
83
320
2
101
1296
1
651
149
1
109
1152
259
4975
457
4214
235
8893
8708
2654
1
1
3
2
1
30
1
1
219
6
23
20
1
1504
3
23
1784
65
39
50
79
1258
2355
721
3
2600
871
148
286
3872
58
43
3417
7913
922
18628
275
23
375
2
42
1246
2
76
218
1719
1669
423
479
563
3235
744
3
3
1
2
1
1
1
1
23
18
1
7
6
11
2
54
1
44
191
2569
4550
5947
970
64
13
1
4
1
131
37
157
512
58
1318
1
6576
3
250
763
2877
6
4
5
8
1
38
1
86
1
4
1
115
30
27
41
887
250
869
26
83
4071
12
774
5425
496
16
1441
1007
122
186
1
147
2
65
25
11
516
908
508
43
1205
240
69
1250
26
38
5684
7
14524
4
4
2
7
1
1
3
53
4
1
53
48
91
1
13
550
217
685
848
655
973
1192
10
9478
4008
34868
635
66
71
10
83
48
4
1
15
8
59
170
243
706
156
412
47
11
300
1211
958
77
1262
1847
6573
1088
12758
1087
1724
138
18
32
1
8
45
8
330
2
673
1
2658
142
26
53
60
608
18
203
238
5071
244
12154
1231
1
1
1
1
9
1
17
2
11
2
74
20
2
2
81
158
57
27
1299
228
1
2536
15464
3515
390
16
1
6
1
9
1
1
1
222
23
52
4
52
250
754
1032
23
6
71
1
26
585
2976
891
4657
2210
442
908
934
5
70
1
37
115
1
53
2
834
657
2
3
529
103
65
1
4817
496
8340
1422
1080
117
125
7
58
57
495
10
95
246
73
546
27
669
299
51
1146
3716
3228
4
26130
1344
1817
3538
539
607
4906
213
6940
1
8
1283
664
14
6438
273
5
270
5
327
215
686
69
4060
2622
11200
34
1
10
43
12
1
27
48
116
70
17
82
1
57
50
261
2812
462
1
4055
16885
292
1
31
36
17
68
2
5
1
94
7
74
1285
937
291
15
3
2354
135
46
1442
373
5973
11
825
1038
13
111
36
14
9
2
59
8
8
35
5
277
37
6
43
3
33
1
660
69
3
125
5000
764
3539
520
4336
3121
7817
1
6
1799
2480
86
180
130
7
145
2
1207
367
193
1283
71
37
4038
67
6
384
659
10628
42
2
445
402
15
17
902
100
78
19
403
2178
452
20
4589
12492
3071
71
51
22
428
79
121
10
5
2578
1
2862
333
8423
81
45
53
110
3
1
1
277
7
561
343
1861
130
64
1302
1714
98
5849
276
2020
522
5893
1048
1420
9204
2116
162
43
3
212
6
328
2
11
769
2
76
109
5
60
271
294
1
1894
636
435
4051
468
12056
3601
164
1
16
10
1
4
98
21
92
254
48
11
145
1831
74
22
137
3641
649
123
6893
100
21144
312
325
1
89
40
412
334
1080
167
136
102
392
3
2381
990
31
384
18444
147
10
4
2
1
141
2
1
51
150
163
704
114
3
675
25
765
292
48
44
1537
171
16
142
1210
678
67
2354
202
706
3674
9
18
3
68
2
83
177
2
3
5
22
3
1
6
438
443
539
2
1373
605
276
1122
635
95
2529
3940
333
27345
870
1
3
13
1
52
1
112
58
112
1
173
236
8
47
355
1058
136
24
1
1083
17
506
156
984
304
81
11617
20203
66
31
104
17
91
87
539
612
1317
3531
70
1
3051
80
1
1277
1918
769
1991
18511
237
366
1276
301
2
1
15
7
1
1
7
2
1
80
1
17
5
409
130
3
2
1852
31
204
110
597
1841
7045
52
2
1504
8619
5247
321
214
2
1
2
2
336
225
1
1
1
131
712
44
797
37
1168
2808
2076
694
266
2849
12891
3696
1
1
44
24
3
111
12
17
58
80
4
8
9
13
30
1
1
60
328
55
706
41
21
253
37
38
2281
5
40
3597
1695
7092
1937
2206
101
270
1
1
1
1
1
1
3
7
1
1
21
1
163
1
7
135
1
32
105
2
501
637
118
19
3
518
1937
422
2726
5
1
503
353
9385
113
1027
2594
279
26
214
1254
418
452
18
586
33
974
6
800
183
121
1076
509
1575
134
360
51
2128
5135
6606
634
3
4
1
1
2
41
1
22
15
113
117
14
2
298
4
24
21
56
1
237
1527
2548
7745
1179
145
322
11
2175
5438
3073
10202
65
2
18623
989
1161
10
8
1
1
1
8
4
55
39
1
41
182
1
141
265
12
19
3
355
280
2335
47
1619
213
1478
2219
29
1
2
204
295
3
102
447
35
23
177
133
83
1537
3
2467
12
8174
668
46
15495
6269
48
20
52
30
90
17
1
1
340
28
6
97
775
748
254
765
35
3
3373
24292
59
427
255
302
471
8
696
207
284
52
74
30
1594
278
367
1
5161
434
2983
2
1
1
1
3
5
7
1
2
18
4
18
5
1
1
197
10
230
4
40
12
1
62
426
1228
328
784
231
3887
4906
874
712
5
2295
343
9
20
22
6
1
8
6
53
3
304
64
521
743
171
28
1
2296
219
54
3374
370
3
34
1345
1291
114
9850
1647
59
23
1
137
1
27
34
5
315
21
75
451
108
9
2
1
137
178
1531
340
4572
1
3545
1095
1988
7
34
1
54
2
110
24
136
101
400
1
1
1
42
87
812
28
362
1
33
2548
4424
1
60
943
232
7954
10
11
274
27
173
1
1
3
84
1
4
52
27
812
6
79
57
67
1783
2328
560
7073
3046
1552
29
1
1
2
6
151
258
112
24
75
1188
1
821
999
2144
1836
86
41
748
19
82
9780
1
1
1
1
1
161
60
90
1
354
139
9
806
210
815
605
400
7
303
4308
3023
7054
14
1
39
7
57
104
26
243
385
96
1
760
22
355
2
1
2629
21
35
167
3723
1224
14307
1
1
1
2
2
11
5
3
8
40
47
135
2
1
269
1
16
632
14
1
1335
6
656
848
2560
44
393
443
8082
882
12396
1
3
28
19
3
5
1
7
5
56
23
150
1
341
772
28
848
366
53
412
7934
1998
505
731
7
16786
3639
174
547
21
188
686
223
6120
267
8398
1597
3002
1
23
50
1
2
8
1
329
73
20
1
336
23
4
43
73
27
55
4016
74
30
5683
5486
2881
13979
4831
4400
67
52
7
7
16
231
1
118
2
73
561
172
18
1
600
600
320
3662
224
10173
43
17321
2072
29
1
157
1
22
6
1
215
25
334
262
1
1290
1346
166
451
3304
1442
16
748
368
11
12709
31
1
79
1
1
11
99
238
2
3
1
26
78
382
10
851
1
4
3
2304
226
221
2789
1347
1581
49
12786
1478
1
1
1
2
10
1
27
1
14
9
426
840
9
1749
341
3538
105
8280
10501
284
7945
2
2
1
1
1
27
2
4
33
2
13
21
2
1
67
51
5
242
1
17
8
1
557
1324
2810
5659
27
1
76
143
5
1
232
19
2
986
1378
1
240
94
90
30
245
3392
93
9974
6631
9021
1589
2533
1362
14128
2279
95
47
1
37
3
2
2
95
4
34
196
536
1037
2
15
1467
666
3
3848
1251
160
2
163
262
65
118
1
243
5
8
1
12
1
434
69
12
18
1349
419
1410
48
1366
1
1128
6799
3
1
2926
12636
126
1
1
60
3
71
107
28
615
84
628
22
147
1757
1658
2775
10450
16
108
797
14
830
1
62
4
2
71
8
1
231
2
20
11
236
677
7
19
954
2
6
83
2658
5266
2
6685
3852
48
26599
1030
3327
28
5657
2
941
3238
203
103
3
2906
45
2443
17
1317
8410
4372
826
54
26
660
2032
8374
1
1
2
1
13
1
23
1
35
13
78
40
11
3
636
321
14
91
402
76
264
1979
585
39
3427
76
8436
187
2592
72
484
273
1
266
86
440
115
2
1333
173
1674
2013
96
108
312
15
11
16
94
5331
3
1647
168
108
1
192
46
1
137
247
61
1162
17
3
111
965
1160
286
9
197
5296
4506
1356
4032
1541
2263
22
528
755
2319
1184
3029
1
1
205
167
27
132
349
77
6
1042
71
20
1
4
1498
1442
3897
460
458
750
13014
794
14987
4
2
1
1
8
2
1
4
1
3
32
1
1
91
8
1
84
19
3
470
659
75
79
2
11928
1646
647
688
11752
93
1
48
133
8
6
1
515
602
50
1546
128
65
2712
825
4232
64
44
1599
2466
11856
3734
594
1
1257
188
227
1239
398
4192
459
1056
6439
812
1286
1397
2465
97
18
546
299
13
273
80
115
459
331
2983
100
2543
522
4415
8
5695
3710
363
1214
2438
2
127
42
8
39
6
273
1294
86
1
4
367
1731
659
3221
751
84
124
313
8161
374
672
30004
620
464
2
2330
3
1
2
1
1
2
1
7
1
27
4
38
4
19
3
3
15
50
306
2
257
40
40
1629
59
1290
2036
2373
47
168
10530
173
5
4
1
44
3
12
7
2
20
30
165
6
1
15
161
476
1
13
589
1
454
59
15
7
1
220
10
578
124
45
40
232
1283
327
2215
75
2528
441
25
285
5668
3966
1570
656
376
12832
10171
2114
477
20
70
2
356
218
17
69
63
5
7
1
41
1
917
458
1268
575
698
3806
2
42
79
105
2404
6067
27
2292
145
2
2369
2640
162
68
8
1
1
4
837
10
1346
2537
127
936
433
764
1
90
3062
2
12475
304
329
1
38
2023
711
2541
236
1322
5755
304
28
15439
738
3
7
2
2
10
6
1
36
84
451
71
26
3
332
433
1423
3734
741
214
185
16680
15
2955
13
7896
10
62
28
13
1
1
1
8
390
5
175
5
4
345
391
537
3805
1640
3
74
363
3
3483
7551
63
1
1
2
37
1
1
1
21
63
135
93
27
24
344
15
374
521
1
157
16
100
1748
44
203
3852
705
182
767
3124
897
1767
1197
36
1226
213
21
2407
3522
8084
342
1
36
1
1
46
1
6
105
153
24
57
3
2
516
2
904
431
238
1575
2
1
1
124
308
111
135
44
10
24
127
3997
792
484
10807
1081
1
2
1
2
1
1
20
41
6
22
50
40
15
2
7
203
53
537
47
1
22
307
172
13
252
250
2
1
19
65
3190
1841
26
23
4026
11776
1
1673
10536
1433
1
207
1
4
72
129
4
28
12
1
480
756
78
434
1472
126
488
3757
32
713
135
7508
7
1
47
1
2
2
172
3
1
19
1
13
412
21
23
42
369
2113
165
161
1288
26
22
1314
88
111
464
128
2842
559
585
10143
167
1
1
24
4
1
1
16
7
194
36
2
2
21
876
402
6
1098
977
306
1
43
1
474
10
4016
7505
2633
395
426
4
485
154
583
73
3
47
100
1913
127
231
862
2
144
6446
3720
7957
26
9
5
16
1
38
1
402
340
271
18
679
31
486
192
1706
1277
3033
10525
4803
2841
193
14
1
245
427
1
46
32
110
821
298
1454
15
25
155
259
4
589
355
5331
8467
136
1
4191
815
13614
519
1
11
19
30
1
1
1
90
97
63
15
1021
801
131
349
2323
2429
1
2601
3742
296
30
114
1
2
3
204
23
253
1
106
335
1
1171
9
541
217
47
18
407
6316
242
770
3845
1023
5
5229
475
3
2108
1091
15
102
5
121
590
7
1
1
1
1114
129
2251
11
33
4704
1
321
283
10292
25
1253
635
1061
346
125
1444
17999
1
1
4
4
7
1
3
2
30
15
68
13
3
117
13
52
159
12
428
371
615
13
32
17
87
3737
167
116
816
203
230
62
89
1844
3194
1607
193
416
787
4409
585
543
962
99
5
2
189
34
567
227
670
29
210
416
1172
4
3
294
4294
3763
94
28480
2230
830
3137
1
1
1
1
34
1
58
100
1
5
8
33
27
8
151
2
32
29
375
5
1
126
1030
2400
3421
1356
193
1076
4906
25
1257
1335
386
2913
15760
152
1013
1032
14
2
12
22
46
1
4
42
57
1
211
27
1
252
27
1439
1230
37
620
627
1887
675
5528
2599
1
97
22
65
59
239
390
6
9
53
333
670
1793
175
1369
3496
749
8638
6819
383
13
1
1
65
1283
138
3020
118
3787
6958
398
271
132
190
1
1394
372
3
138
2056
18
17
1
7
1
1
40
6
4
258
1
507
1
21
38
1
920
52
1
504
1442
23
1656
61
6055
3
6100
65
6351
2914
8760
84
208
2
252
1
2
231
52
613
19
2
18
578
37
2
136
1062
2
437
1153
1660
315
92
1338
1
4573
391
171
503
1195
4928
42
4032
1
8547
39
158
7
142
35
1199
380
4
1
2
1
2
5
1
2
8
2
12
1
4
7
52
41
3
52
7
2
9
4
669
131
723
36
196
366
2342
123
60
270
5346
11662
24
1304
1
15
43
9
3
1
6
73
109
1
25
37
2
1
371
31
552
58
109
4278
876
934
6305
140
5
14921
102
584
1004
726
140
75
263
2051
3205
448
366
232
210
549
720
1211
11230
1598
443
4
1
5
1
25
1
1
1
1
31
4
88
2
5
1
85
43
8
23
12
328
3
1
15
318
402
93
711
52
12
2194
261
18
5416
5536
624
20
660
11
3
6
6400
42
1
5
29
238
6
16
20
1
118
2
20
207
29
49
2454
2
3268
673
490
59
10080
12860
1456
1953
1918
98
24
1
20
1
28
1
2
2
36
1
1
7
110
247
42
19
1
1
2031
406
791
4
230
98
3539
251
318
149
15910
9
1366
11478
15
1
1
10
7
29
6
7
1
169
43
4
5
5
215
4
591
16
496
609
1104
82
11
18
232
919
191
169
4
4376
404
3890
76
7780
199
835
340
4
1
12
27
43
234
16
86
17
19
1535
13
1
25
68
1877
414
20
315
3702
1
1470
7442
4486
305
8
638
