102631
102632
103143
103654
103655
104162
104163
104165
104166
104674
104675
104676
104677
105187
105188
105698
105699
105701
105702
106211
106212
106213
106214
106721
106722
106724
106726
106727
106728
106729
106730
107234
107235
107236
107239
107240
107743
107744
107745
107746
107748
107750
107752
108255
108260
108261
108262
108769
108770
108771
108772
108774
108775
108776
108777
108830
108831
109280
109281
109282
109283
109284
109285
109286
109288
109289
109290
109342
109343
109792
109794
109795
109798
109800
109801
109802
109807
109854
109855
110305
110306
110307
110308
110310
110312
110313
110319
110320
110322
110353
110365
110366
110399
110811
110817
110820
110821
110822
110824
110825
110826
110832
110833
110834
110864
110865
110866
110876
110878
110881
110911
111323
111328
111330
111331
111332
111333
111334
111335
111336
111337
111339
111342
111345
111361
111366
111376
111377
111388
111389
111390
111391
111392
111393
111394
111423
111424
111835
111836
111838
111839
111840
111841
111842
111843
111844
111845
111847
111848
111849
111850
111851
111852
111853
111854
111855
111856
111857
111872
111873
111876
111878
111888
111889
111890
111891
111901
111902
111903
111905
111906
111935
112346
112347
112351
112353
112354
112355
112356
112357
112358
112359
112360
112362
112364
112385
112386
112388
112389
112390
112400
112401
112402
112403
112414
112415
112417
112418
112419
112446
112447
112448
112853
112854
112855
112856
112857
112858
112862
112864
112865
112866
112867
112868
112869
112870
112897
112899
112901
112902
112912
112913
112914
112915
112926
112930
112931
112934
112958
112960
112961
113367
113369
113370
113373
113374
113375
113376
113377
113379
113380
113381
113409
113410
113411
113413
113414
113415
113418
113420
113423
113424
113426
113427
113441
113442
113445
113446
113447
113469
113472
113474
113475
113877
113879
113880
113881
113883
113884
113885
113887
113888
113890
113891
113920
113921
113922
113924
113926
113927
113928
113930
113931
113932
113933
113934
113935
113936
113938
113954
113956
113957
113980
113981
113984
113985
113986
114389
114390
114391
114392
114393
114394
114396
114400
114401
114402
114403
114423
114431
114432
114434
114435
114436
114437
114438
114439
114440
114441
114443
114444
114445
114446
114447
114448
114449
114450
114451
114466
114467
114468
114491
114492
114495
114496
114517
114900
114901
114902
114904
114905
114906
114907
114908
114913
114914
114915
114916
114917
114932
114933
114934
114935
114936
114937
114944
114945
114947
114948
114949
114950
114951
114952
114953
114954
114955
114956
114957
114958
114959
114960
114961
114966
114980
114987
114988
115002
115003
115004
115006
115008
115029
115413
115417
115425
115426
115427
115428
115444
115446
115447
115448
115456
115457
115458
115459
115460
115461
115462
115464
115465
115466
115468
115469
115471
115472
115474
115478
115479
115492
115493
115494
115500
115513
115514
115517
115518
115519
115520
115521
115522
115529
115540
115541
115924
115925
115928
115929
115931
115932
115933
115936
115937
115938
115939
115940
115941
115956
115957
115958
115961
115967
115968
115970
115971
115972
115973
115974
115975
115979
115981
115983
115984
115985
115986
115987
115989
115990
115991
115992
115993
116004
116005
116006
116007
116008
116012
116013
116022
116023
116024
116025
116027
116030
116041
116042
116044
116045
116047
116048
116049
116051
116052
116436
116445
116447
116448
116449
116450
116451
116457
116468
116470
116471
116472
116473
116478
116479
116480
116481
116482
116485
116487
116489
116491
116492
116493
116495
116496
116497
116498
116499
116500
116501
116502
116504
116505
116506
116515
116516
116517
116518
116519
116520
116522
116523
116524
116535
116537
116538
116539
116541
116542
116543
116544
116545
116552
116553
116554
116555
116556
116557
116559
116561
116562
116563
116569
116570
116571
116573
116948
116949
116954
116956
116957
116958
116959
116960
116961
116962
116963
116964
116965
116969
116970
116971
116972
116973
116975
116976
116978
116979
116980
116981
116983
116984
116985
116989
116990
116991
116992
116994
116995
116996
116997
116998
117000
117001
117002
117004
117006
117007
117009
117010
117014
117017
117018
117028
117030
117031
117032
117034
117047
117049
117050
117051
117052
117053
117055
117056
117061
117062
117063
117064
117065
117066
117067
117068
117069
117071
117072
117074
117077
117078
117081
117082
117083
117084
117085
117461
117462
117465
117466
117467
117468
117469
117471
117472
117473
117474
117475
117476
117482
117484
117485
117486
117487
117488
117489
117490
117491
117492
117493
117495
117496
117497
117498
117499
117500
117501
117503
117504
117505
117507
117509
117511
117512
117513
117519
117520
117521
117522
117523
117525
117527
117528
117531
117532
117541
117542
117543
117544
117545
117546
117553
117554
117561
117562
117565
117566
117569
117570
117571
117572
117573
117574
117575
117576
117577
117578
117579
117580
117581
117583
117584
117585
117586
117588
117589
117594
117595
117973
117976
117977
117979
117981
117982
117984
117985
117986
117987
117994
117995
117998
118000
118001
118002
118003
118004
118006
118007
118010
118011
118012
118013
118014
118015
118016
118019
118021
118022
118024
118030
118032
118034
118037
118038
118039
118040
118041
118042
118043
118044
118045
118051
118052
118053
118054
118065
118071
118072
118073
118074
118075
118076
118078
118079
118080
118081
118082
118083
118086
118087
118088
118089
118090
118092
118093
118094
118096
118098
118101
118102
118103
118104
118105
118106
118479
118480
118485
118486
118488
118490
118491
118492
118493
118495
118496
118497
118498
118499
118505
118506
118508
118509
118510
118511
118512
118514
118515
118518
118519
118520
118521
118524
118525
118527
118528
118529
118530
118532
118534
118535
118536
118537
118538
118539
118540
118541
118542
118543
118544
118545
118546
118547
118548
118549
118550
118552
118554
118555
118558
118564
118565
118567
118568
118569
118576
118577
118578
118581
118582
118583
118586
118589
118593
118594
118599
118600
118601
118602
118603
118604
118605
118606
118608
118609
118611
118613
118614
118618
118619
118989
118990
118991
118995
118997
118998
119002
119004
119005
119006
119008
119009
119010
119015
119016
119017
119020
119021
119024
119025
119026
119032
119037
119038
119039
119040
119041
119044
119045
119046
119049
119050
119053
119054
119055
119057
119059
119060
119061
119062
119064
119067
119068
119069
119070
119071
119077
119078
119079
119088
119091
119092
119093
119096
119097
119098
119099
119100
119101
119106
119107
119108
119110
119112
119113
119115
119116
119117
119118
119119
119120
119121
119123
119124
119126
119127
119502
119507
119508
119509
119510
119511
119512
119513
119517
119520
119521
119522
119527
119533
119534
119536
119537
119549
119550
119551
119552
119553
119554
119557
119561
119564
119565
119566
119568
119569
119570
119572
119574
119576
119581
119589
119590
119591
119592
119597
119598
119599
119600
119602
119603
119605
119606
119607
119608
119610
119612
119613
119614
119620
119621
119622
119624
119625
119626
119629
119630
119631
119633
119634
119635
119636
119637
119638
119639
119640
120014
120015
120016
120017
120019
120020
120021
120023
120024
120025
120026
120027
120028
120030
120031
120032
120033
120034
120048
120061
120062
120065
120067
120068
120070
120071
120076
120078
120079
120080
120081
120083
120084
120086
120087
120088
120089
120099
120100
120102
120104
120105
120109
120112
120114
120118
120122
120124
120126
120127
120128
120130
120132
120133
120134
120135
120138
120140
120142
120144
120145
120147
120148
120150
120151
120526
120528
120531
120532
120534
120537
120538
120539
120540
120542
120543
120546
120560
120561
120573
120574
120575
120576
120577
120579
120582
120583
120588
120589
120590
120591
120594
120595
120596
120598
120600
120601
120602
120603
120612
120613
120614
120616
120617
120618
120620
120622
120623
120624
120625
120626
120630
120631
120632
120633
120634
120636
120637
120638
120640
120642
120643
120644
120645
120646
120647
120648
120649
120650
120651
120652
120654
120655
120658
120659
120660
120661
121037
121039
121040
121042
121043
121045
121046
121047
121052
121053
121054
121055
121056
121057
121067
121072
121086
121089
121091
121092
121093
121094
121095
121099
121100
121101
121102
121103
121106
121107
121110
121111
121112
121113
121115
121124
121125
121126
121130
121131
121132
121134
121135
121138
121139
121142
121146
121147
121148
121152
121153
121154
121155
121156
121158
121159
121164
121165
121167
121168
121169
121170
121172
121173
121549
121550
121551
121553
121554
121555
121556
121557
121559
121560
121563
121565
121567
121569
121570
121571
121579
121580
121581
121582
121583
121595
121603
121604
121605
121607
121608
121609
121611
121612
121614
121615
121619
121621
121622
121623
121624
121625
121626
121627
121637
121638
121640
121641
121642
121643
121644
121646
121647
121648
121651
121654
121655
121656
121657
121658
121659
121660
121661
121662
121665
121666
121668
121670
121679
121682
121683
121684
121685
122061
122063
122064
122065
122066
122068
122069
122070
122071
122072
122074
122075
122076
122077
122078
122079
122080
122081
122083
122092
122093
122094
122095
122096
122106
122107
122108
122110
122113
122114
122115
122117
122118
122119
122120
122121
122124
122125
122126
122127
122129
122130
122132
122133
122134
122135
122136
122137
122138
122139
122140
122141
122146
122147
122148
122149
122151
122152
122153
122156
122157
122158
122159
122165
122166
122167
122168
122169
122172
122173
122175
122176
122177
122179
122180
122181
122182
122196
122197
122198
122574
122575
122578
122579
122583
122584
122585
122587
122588
122589
122590
122592
122594
122604
122607
122609
122613
122614
122616
122620
122621
122622
122623
122627
122632
122633
122634
122635
122636
122637
122638
122639
122641
122642
122643
122645
122646
122647
122648
122649
122651
122658
122661
122662
122664
122665
122667
122668
122669
122670
122671
122676
122677
122678
122680
122681
122682
122683
122684
122686
122688
122689
122691
122692
122693
122694
122709
123085
123086
123090
123091
123092
123094
123095
123096
123097
123099
123100
123101
123103
123104
123105
123106
123107
123108
123109
123110
123114
123115
123116
123117
123118
123119
123121
123122
123124
123125
123126
123127
123128
123131
123134
123135
123138
123141
123142
123145
123146
123147
123148
123149
123150
123151
123152
123153
123154
123155
123159
123161
123162
123164
123165
123169
123172
123175
123178
123179
123180
123181
123182
123187
123188
123189
123191
123192
123193
123194
123196
123198
123199
123200
123202
123205
123206
123599
123603
123605
123606
123608
123610
123611
123614
123617
123618
123619
123620
123622
123628
123629
123631
123633
123634
123635
123636
123638
123639
123643
123644
123645
123646
123647
123648
123649
123650
123654
123657
123658
123661
123662
123664
123665
123666
123668
123669
123670
123673
123674
123676
123677
123678
123680
123681
123682
123683
123684
123685
123686
123687
123688
123689
123690
123691
123692
123696
123698
123700
123701
123702
123703
123704
123705
123706
123707
123708
123710
123712
123714
123715
123716
123717
123718
124111
124112
124113
124114
124115
124116
124118
124119
124121
124122
124124
124125
124126
124127
124128
124129
124130
124131
124132
124135
124136
124138
124141
124144
124145
124147
124148
124150
124154
124156
124157
124158
124159
124161
124162
124166
124168
124169
124170
124173
124175
124176
124177
124178
124179
124180
124181
124182
124186
124187
124189
124190
124192
124194
124195
124196
124197
124198
124199
124200
124201
124202
124205
124206
124208
124210
124213
124214
124215
124216
124217
124218
124219
124220
124221
124222
124228
124229
124625
124626
124627
124628
124631
124632
124634
124635
124636
124638
124639
124640
124641
124642
124643
124644
124645
124646
124647
124648
124649
124650
124651
124652
124653
124654
124655
124657
124658
124659
124660
124661
124662
124665
124666
124667
124668
124670
124672
124673
124677
124678
124679
124680
124681
124682
124683
124686
124688
124689
124690
124691
124692
124695
124697
124698
124699
124700
124701
124702
124703
124704
124706
124707
124708
124709
124712
124714
124715
124716
124717
124718
124719
124720
124722
124723
124724
124725
124726
124727
124728
124730
124731
124732
124733
124734
124735
124736
124738
125136
125137
125139
125140
125142
125143
125144
125145
125146
125147
125150
125151
125152
125154
125156
125158
125159
125161
125164
125165
125169
125170
125171
125174
125176
125177
125179
125180
125181
125182
125183
125184
125185
125186
125187
125188
125189
125190
125192
125193
125194
125195
125196
125198
125199
125200
125202
125204
125205
125207
125208
125209
125210
125211
125212
125213
125214
125215
125216
125218
125219
125225
125226
125227
125228
125229
125231
125232
125233
125234
125235
125236
125237
125238
125239
125240
125242
125243
125245
125246
125248
125249
125250
125648
125651
125652
125653
125655
125656
125658
125659
125664
125665
125666
125667
125668
125669
125671
125672
125673
125674
125676
125678
125679
125680
125681
125682
125683
125684
125685
125686
125688
125689
125691
125693
125697
125698
125699
125700
125701
125702
125705
125706
125707
125708
125710
125711
125713
125715
125716
125717
125718
125720
125721
125722
125723
125725
125726
125727
125730
125731
125732
125738
125739
125740
125741
125742
125743
125744
125745
125746
125748
125750
125751
125753
125754
125756
125757
125758
125759
125760
125761
125762
125763
126160
126161
126163
126170
126173
126174
126178
126180
126181
126182
126184
126185
126186
126187
126190
126191
126192
126193
126194
126197
126198
126199
126200
126201
126202
126203
126204
126205
126206
126207
126209
126210
126211
126213
126214
126216
126217
126218
126220
126221
126222
126224
126225
126227
126228
126229
126233
126234
126237
126238
126239
126240
126241
126243
126244
126251
126252
126253
126254
126255
126256
126257
126258
126259
126260
126262
126263
126264
126265
126266
126267
126268
126270
126275
126673
126675
126676
126682
126684
126685
126690
126692
126694
126695
126696
126697
126699
126702
126705
126706
126707
126708
126709
126710
126711
126712
126713
126714
126715
126717
126718
126719
126720
126721
126725
126726
126728
126729
126730
126731
126732
126733
126734
126736
126737
126739
126740
126741
126742
126744
126745
126746
126747
126748
126749
126751
126752
126754
126755
126756
126757
126763
126765
126766
126768
126769
126770
126775
126777
126778
126779
126780
126782
126786
126787
127185
127186
127194
127196
127201
127202
127203
127204
127205
127207
127208
127209
127210
127212
127213
127214
127215
127216
127219
127220
127222
127223
127224
127226
127227
127229
127230
127231
127232
127233
127234
127237
127238
127239
127241
127242
127243
127245
127246
127247
127248
127249
127250
127251
127252
127255
127256
127257
127258
127259
127260
127262
127263
127264
127265
127266
127267
127269
127271
127275
127277
127278
127279
127280
127281
127282
127283
127284
127285
127286
127290
127292
127295
127296
127297
127298
127699
127707
127708
127710
127711
127712
127713
127714
127717
127719
127720
127721
127723
127724
127725
127726
127727
127728
127729
127730
127732
127733
127734
127735
127736
127737
127738
127739
127741
127742
127744
127745
127747
127748
127750
127751
127752
127753
127755
127756
127757
127758
127759
127761
127762
127764
127765
127766
127767
127768
127769
127770
127771
127774
127775
127776
127777
127778
127779
127781
127782
127783
127784
127786
127787
127788
127789
127790
127791
127794
127797
127798
127800
127802
127804
127805
127806
127807
127808
127809
127810
127811
128211
128212
128218
128219
128223
128224
128226
128227
128228
128229
128232
128234
128235
128236
128237
128238
128239
128240
128241
128242
128243
128245
128248
128249
128250
128251
128252
128253
128254
128255
128257
128258
128259
128260
128261
128263
128265
128266
128267
128268
128269
128270
128271
128272
128273
128274
128275
128276
128277
128278
128279
128280
128281
128282
128283
128284
128285
128286
128288
128289
128290
128291
128292
128293
128294
128295
128297
128298
128299
128300
128301
128302
128303
128305
128308
128309
128311
128312
128314
128315
128320
128723
128724
128725
128731
128732
128734
128735
128738
128739
128741
128742
128743
128744
128745
128746
128748
128749
128751
128754
128756
128757
128758
128759
128760
128761
128762
128763
128764
128765
128767
128768
128769
128770
128772
128774
128775
128776
128777
128778
128779
128781
128782
128783
128784
128785
128786
128787
128789
128790
128791
128793
128795
128796
128797
128798
128799
128802
128803
128804
128805
128806
128807
128808
128810
128811
128812
128813
128814
128815
128817
128818
128819
128820
128822
128823
128824
128825
128827
128828
128829
128831
128832
128833
128834
129234
129235
129236
129237
129238
129239
129240
129241
129242
129243
129244
129245
129246
129247
129248
129252
129253
129257
129259
129260
129261
129263
129264
129265
129266
129267
129268
129269
129270
129271
129272
129274
129275
129276
129277
129278
129279
129280
129281
129283
129284
129285
129286
129287
129288
129289
129290
129291
129292
129293
129294
129295
129296
129297
129298
129299
129300
129301
129302
129303
129307
129310
129311
129312
129313
129315
129317
129318
129319
129320
129321
129323
129325
129326
129327
129329
129331
129332
129334
129335
129339
129341
129342
129343
129344
129346
129750
129753
129754
129756
129757
129758
129759
129764
129766
129767
129769
129770
129771
129772
129773
129774
129775
129777
129778
129779
129780
129781
129782
129783
129784
129785
129786
129789
129790
129794
129795
129797
129798
129799
129800
129801
129802
129803
129804
129806
129808
129809
129810
129811
129812
129813
129814
129816
129818
129819
129822
129823
129825
129826
129827
129828
129829
129831
129832
129833
129834
129835
129836
129837
129838
129839
129841
129842
129843
129844
129845
129846
129847
129848
129850
129851
129853
129854
129856
129858
129859
130261
130262
130263
130264
130265
130266
130267
130268
130269
130271
130272
130276
130279
130280
130281
130282
130284
130285
130286
130287
130288
130289
130291
130292
130294
130295
130296
130297
130299
130300
130301
130304
130305
130306
130307
130310
130311
130312
130313
130314
130315
130316
130320
130322
130323
130325
130326
130328
130329
130330
130331
130332
130334
130336
130337
130338
130339
130340
130341
130342
130343
130344
130345
130346
130347
130349
130350
130351
130352
130353
130355
130358
130359
130361
130362
130363
130364
130365
130366
130774
130777
130778
130779
130781
130782
130785
130786
130787
130788
130789
130790
130792
130793
130794
130795
130796
130797
130798
130800
130801
130802
130803
130804
130805
130806
130808
130809
130810
130811
130812
130813
130814
130816
130817
130818
130819
130820
130821
130822
130823
130824
130825
130826
130827
130828
130829
130833
130835
130836
130838
130840
130841
130842
130843
130844
130845
130846
130848
130850
130851
130852
130853
130854
130856
130857
130858
130859
130861
130862
130863
130865
130866
130867
130868
130872
130873
130875
130876
130877
130878
130879
131285
131286
131287
131288
131289
131290
131292
131293
131296
131297
131298
131300
131301
131303
131304
131309
131310
131312
131313
131314
131315
131316
131317
131318
131319
131320
131321
131322
131323
131325
131326
131327
131328
131330
131332
131333
131334
131336
131337
131338
131339
131340
131341
131343
131344
131345
131346
131347
131349
131350
131351
131352
131353
131354
131355
131356
131357
131358
131360
131361
131362
131363
131364
131365
131368
131369
131374
131375
131376
131377
131380
131384
131385
131386
131387
131799
131800
131802
131804
131805
131806
131807
131808
131811
131812
131814
131815
131816
131818
131819
131821
131822
131823
131824
131825
131826
131827
131829
131830
131831
131833
131834
131835
131836
131837
131838
131839
131840
131841
131842
131843
131846
131847
131848
131849
131852
131854
131855
131857
131858
131859
131861
131862
131864
131865
131866
131868
131869
131870
131873
131874
131875
131876
131877
131878
131880
131881
131882
131883
131884
131885
131886
131887
131888
131891
131892
131893
131894
131895
131899
132310
132311
132312
132313
132314
132315
132316
132318
132320
132321
132322
132323
132324
132325
132327
132328
132329
132330
132331
132332
132333
132334
132335
132336
132339
132340
132341
132342
132344
132345
132346
132347
132348
132349
132350
132351
132354
132358
132360
132361
132362
132363
132364
132365
132366
132367
132368
132369
132370
132371
132372
132374
132375
132376
132378
132379
132380
132382
132383
132386
132387
132388
132391
132395
132397
132398
132399
132401
132404
132405
132407
132410
132414
132415
132817
132818
132819
132820
132821
132822
132823
132825
132826
132827
132828
132830
132831
132833
132834
132838
132839
132840
132841
132842
132843
132844
132846
132847
132850
132851
132852
132853
132855
132856
132857
132858
132859
132860
132862
132863
132864
132865
132866
132867
132868
132870
132871
132872
132873
132876
132878
132879
132880
132881
132886
132887
132888
132890
132892
132893
132894
132895
132896
132897
132898
132902
132903
132904
132906
132907
132908
132910
132911
132912
132913
132914
132916
132917
132918
132919
132920
132921
132922
132923
132924
132925
132926
132927
132928
133333
133334
133335
133336
133337
133338
133339
133340
133341
133342
133343
133344
133345
133351
133352
133353
133354
133355
133357
133359
133360
133361
133362
133364
133366
133368
133369
133370
133371
133372
133374
133375
133376
133377
133379
133382
133383
133384
133385
133386
133387
133388
133389
133393
133394
133396
133397
133398
133399
133400
133404
133405
133406
133408
133409
133411
133413
133414
133416
133417
133418
133419
133420
133422
133423
133424
133427
133429
133430
133431
133432
133433
133434
133435
133436
133437
133438
133440
133441
133846
133848
133852
133856
133857
133858
133861
133862
133863
133864
133865
133867
133868
133869
133870
133871
133872
133873
133874
133875
133876
133877
133878
133880
133881
133882
133883
133885
133886
133888
133889
133890
133892
133893
133894
133898
133899
133900
133901
133902
133904
133905
133906
133907
133908
133910
133911
133914
133915
133916
133918
133920
133921
133922
133923
133924
133925
133926
133927
133928
133929
133930
133931
133933
133934
133936
133937
133938
133939
133944
133945
133948
133951
133952
133953
133954
133955
134358
134359
134364
134365
134366
134367
134368
134369
134376
134378
134379
134380
134381
134382
134383
134384
134386
134388
134389
134391
134393
134394
134396
134397
134398
134399
134400
134401
134402
134405
134406
134407
134409
134411
134412
134413
134417
134418
134419
134420
134421
134424
134426
134427
134428
134429
134430
134431
134432
134433
134435
134436
134437
134439
134440
134442
134443
134444
134449
134450
134452
134453
134454
134455
134458
134459
134460
134461
134462
134467
134871
134877
134881
134883
134884
134885
134886
134887
134890
134891
134892
134894
134897
134898
134899
134901
134902
134903
134908
134911
134912
134913
134914
134915
134916
134918
134919
134920
134921
134922
134924
134925
134926
134929
134930
134931
134933
134936
134937
134938
134939
134942
134943
134944
134946
134950
134951
134956
134957
134960
134962
134964
134965
134967
134969
134970
134972
134973
135390
135391
135395
135397
135398
135400
135401
135402
135403
135404
135405
135406
135407
135408
135409
135410
135414
135418
135420
135421
135423
135424
135425
135427
135428
135429
135430
135432
135433
135434
135435
135437
135440
135441
135443
135445
135447
135448
135449
135450
135451
135452
135453
135454
135455
135456
135457
135458
135464
135465
135468
135469
135470
135471
135472
135473
135474
135475
135476
135480
135481
135484
135485
135486
135903
135904
135905
135906
135907
135910
135912
135913
135914
135915
135916
135917
135918
135919
135920
135921
135923
135924
135925
135926
135927
135928
135929
135930
135931
135932
135933
135934
135935
135936
135937
135938
135940
135941
135942
135944
135945
135947
135948
135949
135950
135951
135954
135956
135957
135958
135959
135960
135961
135962
135963
135964
135965
135968
135976
135977
135979
135980
135981
135984
135985
135986
135988
135992
135997
136348
136414
136415
136418
136419
136420
136423
136424
136425
136426
136427
136428
136429
136430
136431
136432
136433
136435
136436
136440
136443
136444
136445
136446
136447
136448
136450
136451
136452
136453
136454
136455
136456
136457
136458
136459
136460
136462
136463
136464
136466
136467
136468
136469
136470
136471
136472
136474
136475
136476
136477
136478
136480
136482
136483
136486
136487
136488
136489
136492
136495
136496
136499
136505
136506
136860
136902
136903
136925
136927
136928
136932
136934
136935
136936
136937
136938
136940
136942
136943
136945
136946
136947
136948
136951
136953
136955
136956
136959
136962
136963
136965
136966
136967
136969
136972
136973
136974
136975
136976
136977
136978
136979
136983
136984
136986
136987
136988
136989
136990
136991
136992
136993
136995
136997
136998
136999
137007
137008
137009
137011
137012
137013
137017
137018
137370
137371
137372
137387
137388
137389
137390
137413
137414
137415
137418
137419
137436
137437
137438
137441
137443
137444
137445
137446
137448
137449
137450
137452
137453
137455
137456
137457
137460
137461
137462
137463
137464
137465
137466
137468
137471
137472
137473
137474
137475
137476
137477
137479
137480
137481
137482
137484
137486
137487
137488
137489
137490
137494
137495
137496
137497
137498
137499
137500
137502
137503
137504
137505
137506
137507
137509
137510
137520
137522
137523
137525
137530
137531
137881
137882
137883
137900
137901
137921
137925
137926
137928
137930
137931
137932
137933
137935
137937
137941
137942
137948
137949
137950
137951
137953
137955
137956
137957
137958
137959
137960
137961
137962
137963
137965
137968
137969
137970
137971
137972
137973
137975
137976
137977
137978
137980
137981
137982
137983
137984
137985
137987
137988
137990
137991
137992
137993
137994
137995
137997
137998
138000
138001
138002
138003
138005
138007
138009
138010
138012
138014
138016
138017
138019
138020
138021
138022
138023
138032
138034
138035
138036
138037
138038
138039
138043
138044
138045
138390
138391
138392
138393
138395
138396
138411
138412
138413
138414
138430
138433
138436
138437
138439
138440
138442
138443
138445
138446
138447
138448
138449
138452
138454
138460
138461
138462
138463
138465
138466
138467
138468
138470
138473
138474
138475
138476
138478
138479
138480
138481
138485
138486
138487
138488
138489
138490
138491
138492
138493
138494
138495
138496
138498
138499
138500
138503
138504
138505
138506
138509
138510
138511
138512
138513
138514
138515
138517
138518
138519
138521
138522
138523
138524
138525
138526
138527
138528
138529
138531
138532
138533
138544
138545
138546
138548
138549
138551
138553
138554
138555
138557
138558
138560
138586
138588
138902
138903
138905
138906
138907
138926
138941
138942
138943
138944
138945
138948
138949
138950
138951
138953
138955
138957
138958
138960
138964
138965
138966
138970
138972
138973
138974
138975
138976
138977
138978
138979
138980
138984
138985
138987
138988
138989
138990
138991
138993
138994
138995
138996
138997
138998
138999
139000
139002
139003
139004
139007
139008
139010
139011
139013
139014
139015
139016
139019
139021
139022
139023
139027
139029
139030
139031
139034
139035
139037
139042
139043
139044
139054
139057
139060
139061
139062
139063
139065
139067
139068
139069
139071
139072
139097
139098
139100
139101
139414
139415
139418
139437
139438
139451
139453
139455
139456
139457
139458
139459
139460
139461
139462
139463
139465
139466
139467
139468
139469
139470
139471
139474
139475
139476
139477
139479
139480
139482
139483
139485
139486
139487
139488
139489
139490
139491
139498
139500
139502
139506
139508
139509
139510
139511
139512
139513
139514
139516
139518
139520
139521
139522
139523
139524
139525
139526
139527
139528
139529
139530
139531
139532
139534
139542
139543
139544
139545
139546
139547
139548
139549
139552
139554
139555
139566
139568
139569
139570
139575
139576
139577
139579
139580
139581
139583
139610
139611
139613
139614
139925
139926
139927
139929
139930
139945
139946
139948
139949
139962
139963
139965
139966
139968
139971
139972
139974
139975
139977
139978
139980
139981
139984
139985
139986
139987
139989
139992
139993
139994
139995
139997
139998
139999
140001
140009
140010
140011
140012
140013
140014
140017
140018
140019
140021
140022
140023
140024
140025
140026
140027
140028
140030
140031
140035
140036
140037
140039
140040
140041
140043
140044
140046
140047
140053
140054
140055
140056
140058
140059
140060
140061
140062
140063
140064
140066
140067
140078
140080
140081
140082
140083
140084
140089
140090
140091
140093
140094
140095
140096
140097
140099
140123
140124
140126
140437
140439
140440
140441
140442
140443
140457
140458
140459
140461
140462
140463
140464
140473
140474
140475
140476
140478
140479
140484
140485
140489
140490
140492
140493
140494
140495
140497
140498
140499
140503
140504
140505
140507
140508
140509
140511
140513
140520
140521
140522
140523
140524
140525
140526
140527
140529
140530
140532
140533
140534
140535
140536
140537
140539
140540
140541
140542
140543
140544
140545
140546
140547
140549
140550
140551
140552
140558
140559
140566
140567
140568
140569
140570
140571
140572
140573
140574
140575
140576
140577
140579
140580
140586
140588
140589
140590
140594
140595
140599
140600
140601
140603
140604
140605
140606
140607
140608
140609
140610
140611
140612
140613
140617
140636
140637
140638
140639
140665
140949
140952
140955
140956
140957
140958
140959
140968
140970
140971
140972
140973
140975
140976
140984
140985
140987
140991
140992
140996
140997
140998
141000
141003
141004
141005
141006
141007
141009
141010
141013
141014
141015
141016
141018
141019
141020
141021
141022
141024
141025
141031
141032
141033
141034
141035
141036
141037
141041
141043
141044
141045
141046
141048
141050
141051
141052
141053
141054
141055
141057
141062
141063
141064
141069
141070
141071
141072
141076
141077
141078
141081
141082
141084
141085
141086
141087
141088
141090
141091
141092
141093
141094
141097
141098
141099
141100
141104
141106
141110
141112
141114
141115
141117
141119
141120
141122
141124
141126
141128
141129
141148
141149
141150
141177
141182
141462
141463
141464
141466
141467
141470
141478
141479
141480
141481
141483
141484
141485
141486
141487
141488
141495
141498
141499
141500
141502
141503
141508
141510
141511
141512
141513
141515
141516
141517
141518
141519
141520
141521
141526
141527
141528
141529
141530
141532
141534
141535
141538
141542
141543
141544
141545
141547
141548
141549
141550
141551
141552
141553
141554
141555
141556
141557
141559
141560
141561
141562
141563
141564
141565
141566
141567
141569
141570
141571
141573
141574
141576
141577
141581
141582
141583
141585
141586
141587
141588
141594
141595
141596
141597
141598
141599
141601
141602
141604
141605
141606
141607
141610
141611
141612
141613
141615
141616
141618
141619
141620
141621
141622
141623
141624
141625
141627
141628
141629
141630
141631
141632
141634
141637
141638
141639
141640
141660
141661
141662
141663
141689
141690
141693
141694
141695
141696
141966
141971
141972
141973
141974
141976
141978
141979
141981
141982
141983
141984
141985
141992
141993
141995
141996
141998
141999
142005
142006
142007
142008
142009
142010
142011
142014
142016
142019
142020
142021
142022
142023
142024
142025
142026
142027
142028
142029
142030
142031
142032
142033
142038
142039
142041
142042
142044
142045
142046
142048
142050
142051
142052
142053
142054
142055
142057
142058
142059
142060
142061
142062
142063
142064
142066
142067
142068
142069
142070
142071
142072
142074
142076
142077
142078
142079
142080
142081
142083
142084
142085
142089
142090
142092
142096
142097
142098
142099
142107
142108
142109
142110
142111
142112
142114
142115
142119
142120
142121
142122
142123
142124
142125
142126
142127
142128
142129
142130
142131
142132
142137
142138
142141
142142
142143
142146
142149
142150
142151
142161
142163
142173
142174
142184
142202
142203
142204
142205
142206
142478
142479
142480
142481
142484
142485
142486
142487
142488
142489
142490
142492
142495
142496
142505
142506
142507
142509
142511
142512
142515
142516
142517
142518
142519
142524
142526
142527
142528
142532
142535
142540
142541
142543
142544
142545
142546
142549
142551
142552
142554
142555
142556
142559
142560
142561
142562
142563
142564
142565
142566
142567
142569
142570
142571
142572
142574
142577
142578
142579
142582
142583
142585
142586
142588
142589
142590
142591
142592
142593
142594
142595
142597
142598
142602
142603
142604
142609
142610
142612
142613
142614
142615
142619
142620
142622
142627
142629
142630
142631
142632
142634
142635
142636
142637
142638
142640
142641
142642
142643
142649
142653
142654
142656
142657
142658
142660
142661
142663
142664
142665
142666
142670
142672
142673
142675
142686
142687
142688
142696
142716
142717
142718
142991
142992
142993
142995
142997
142998
142999
143000
143001
143002
143003
143004
143005
143006
143007
143012
143015
143017
143019
143021
143023
143024
143025
143026
143027
143029
143030
143032
143033
143036
143038
143040
143046
143048
143049
143051
143052
143053
143054
143055
143056
143057
143061
143062
143063
143065
143066
143067
143068
143070
143071
143072
143073
143074
143075
143076
143077
143078
143079
143080
143081
143082
143083
143084
143085
143087
143089
143092
143093
143096
143098
143099
143100
143101
143102
143103
143104
143105
143106
143107
143108
143109
143110
143111
143113
143114
143115
143116
143120
143122
143123
143124
143125
143127
143128
143136
143137
143140
143142
143144
143145
143146
143150
143151
143153
143155
143160
143161
143162
143164
143165
143166
143168
143169
143175
143176
143177
143178
143179
143180
143181
143182
143183
143184
143186
143187
143188
143198
143199
143200
143208
143209
143210
143226
143227
143228
143503
143504
143505
143506
143507
143508
143509
143511
143513
143514
143515
143517
143519
143520
143524
143525
143526
143527
143528
143529
143530
143531
143533
143534
143535
143536
143538
143541
143542
143544
143545
143548
143552
143554
143558
143559
143560
143561
143562
143563
143567
143568
143575
143577
143578
143579
143580
143581
143582
143584
143586
143587
143589
143590
143591
143592
143593
143594
143595
143596
143597
143599
143600
143601
143602
143603
143604
143605
143606
143607
143608
143609
143610
143611
143612
143613
143614
143616
143617
143618
143621
143623
143624
143626
143628
143629
143630
143631
143632
143633
143638
143639
143643
143646
143649
143650
143651
143652
143653
143654
143656
143657
143658
143660
143661
143662
143664
143665
143672
143673
143674
143675
143676
143684
143685
143692
143693
143694
143695
143696
143697
143698
143699
143700
143701
143712
143713
143719
143720
143721
143737
143739
143742
144018
144019
144021
144022
144023
144024
144027
144028
144030
144031
144033
144034
144035
144037
144038
144040
144042
144043
144045
144046
144047
144048
144049
144051
144052
144056
144057
144060
144061
144062
144063
144064
144065
144066
144071
144073
144075
144076
144078
144079
144080
144081
144082
144083
144084
144085
144089
144090
144091
144092
144093
144094
144095
144096
144097
144099
144102
144103
144104
144105
144106
144107
144108
144109
144110
144111
144112
144113
144116
144117
144118
144119
144120
144121
144122
144124
144125
144126
144127
144131
144132
144133
144134
144135
144136
144139
144140
144144
144145
144146
144147
144148
144149
144150
144151
144152
144154
144155
144156
144158
144160
144161
144162
144163
144167
144168
144169
144171
144172
144173
144175
144183
144185
144186
144187
144188
144189
144193
144197
144198
144199
144200
144201
144203
144204
144205
144208
144209
144211
144212
144214
144222
144223
144224
144225
144231
144234
144248
144249
144250
144251
144252
144253
144254
144263
144533
144534
144535
144538
144540
144541
144543
144544
144545
144547
144551
144552
144553
144554
144555
144557
144559
144560
144561
144562
144563
144564
144565
144566
144567
144568
144569
144570
144571
144573
144574
144575
144576
144577
144578
144579
144580
144581
144582
144583
144585
144588
144589
144591
144593
144594
144596
144598
144599
144600
144601
144602
144603
144604
144605
144606
144607
144608
144611
144612
144614
144615
144616
144620
144622
144624
144625
144626
144627
144629
144630
144631
144632
144633
144636
144637
144638
144639
144640
144644
144645
144647
144648
144649
144650
144652
144654
144655
144656
144659
144660
144663
144664
144665
144666
144668
144670
144671
144672
144673
144674
144675
144676
144678
144679
144680
144681
144682
144683
144684
144685
144687
144688
144689
144695
144696
144697
144698
144702
144705
144706
144708
144709
144710
144711
144713
144716
144717
144718
144719
144720
144721
144722
144723
144725
144726
144734
144736
144743
144746
144747
144748
144764
144765
144766
144767
144768
144774
144775
145040
145046
145047
145048
145049
145050
145053
145054
145056
145057
145060
145062
145063
145065
145067
145068
145071
145073
145074
145075
145076
145077
145081
145082
145086
145087
145089
145090
145091
145092
145095
145096
145097
145100
145101
145103
145104
145105
145106
145108
145110
145111
145112
145113
145114
145115
145116
145117
145118
145120
145121
145122
145124
145126
145127
145130
145132
145133
145134
145135
145136
145138
145140
145141
145142
145144
145148
145150
145151
145152
145153
145154
145155
145156
145157
145160
145163
145167
145169
145170
145171
145172
145174
145175
145176
145177
145178
145180
145181
145182
145183
145184
145185
145186
145188
145189
145190
145191
145192
145194
145196
145197
145198
145199
145200
145201
145202
145206
145208
145209
145210
145213
145214
145215
145217
145218
145219
145220
145221
145222
145223
145224
145225
145227
145228
145230
145231
145233
145234
145235
145236
145237
145238
145244
145245
145246
145247
145250
145251
145255
145256
145257
145258
145259
145260
145261
145264
145277
145278
145280
145287
145539
145540
145550
145551
145552
145553
145554
145555
145557
145558
145559
145560
145562
145563
145564
145565
145567
145569
145571
145572
145573
145574
145575
145577
145578
145580
145581
145586
145587
145589
145590
145591
145592
145595
145598
145599
145600
145601
145602
145603
145604
145610
145612
145613
145614
145616
145618
145619
145620
145622
145624
145625
145626
145627
145629
145630
145631
145633
145634
145635
145636
145637
145638
145639
145642
145643
145644
145645
145647
145649
145653
145655
145656
145657
145659
145660
145662
145663
145664
145667
145668
145669
145671
145673
145675
145676
145678
145679
145680
145681
145682
145684
145685
145686
145687
145688
145689
145690
145692
145693
145694
145695
145697
145698
145699
145700
145701
145702
145703
145704
145706
145707
145708
145709
145711
145712
145713
145714
145715
145717
145718
145719
145720
145721
145722
145723
145724
145725
145726
145727
145728
145730
145731
145732
145733
145735
145736
145737
145738
145739
145741
145742
145743
145744
145745
145746
145748
145749
145750
145755
145756
145758
145759
145760
145761
145762
145763
145767
145768
145769
145770
145771
145772
145775
145776
145777
145783
145789
145791
145792
145796
145797
145799
145800
145804
145805
146052
146057
146060
146061
146063
146064
146066
146069
146070
146072
146075
146077
146078
146079
146081
146082
146084
146085
146086
146087
146089
146090
146092
146098
146106
146107
146108
146109
146112
146113
146116
146122
146123
146124
146125
146126
146127
146128
146129
146131
146134
146135
146137
146138
146139
146140
146142
146143
146146
146147
146149
146150
146156
146158
146159
146160
146161
146162
146164
146165
146167
146168
146169
146170
146172
146174
146175
146178
146179
146181
146182
146183
146184
146185
146186
146188
146189
146190
146191
146192
146195
146196
146197
146198
146199
146200
146201
146202
146205
146206
146207
146209
146210
146212
146215
146216
146217
146218
146219
146220
146221
146222
146223
146224
146225
146226
146227
146228
146229
146230
146232
146233
146234
146235
146236
146237
146238
146240
146241
146243
146244
146245
146246
146247
146248
146249
146250
146251
146252
146253
146254
146255
146257
146259
146260
146261
146262
146263
146266
146267
146268
146269
146272
146273
146275
146276
146277
146278
146279
146280
146283
146287
146288
146292
146294
146295
146296
146297
146298
146300
146301
146304
146305
146306
146307
146309
146310
146311
146312
146313
146315
146316
146563
146564
146565
146567
146568
146569
146570
146571
146572
146573
146574
146575
146576
146578
146579
146589
146591
146593
146594
146596
146597
146598
146599
146600
146601
146602
146609
146610
146618
146619
146620
146621
146622
146624
146630
146631
146635
146636
146639
146640
146643
146644
146645
146646
146648
146649
146650
146651
146652
146653
146654
146656
146658
146659
146660
146661
146662
146663
146665
146666
146668
146670
146671
146672
146673
146676
146677
146678
146680
146683
146684
146686
146688
146689
146690
146691
146692
146694
146695
146696
146697
146698
146699
146701
146702
146703
146704
146705
146707
146708
146709
146710
146711
146712
146714
146715
146716
146717
146719
146721
146722
146723
146725
146727
146731
146732
146734
146736
146739
146740
146741
146742
146743
146745
146746
146747
146748
146750
146752
146754
146756
146757
146758
146759
146760
146761
146762
146763
146764
146766
146767
146769
146770
146771
146772
146773
146775
146777
146778
146779
146780
146781
146782
146783
146784
146785
146786
146787
146790
146792
146794
146795
146796
146800
146804
146805
146807
146809
146810
146812
146813
146815
146816
146819
146821
146822
146825
146827
146829
147077
147078
147079
147084
147085
147091
147092
147093
147095
147097
147099
147101
147103
147104
147105
147107
147109
147110
147112
147123
147124
147131
147132
147133
147134
147135
147136
147137
147141
147142
147143
147144
147146
147147
147148
147149
147150
147151
147152
147154
147155
147158
147160
147161
147162
147163
147165
147167
147168
147169
147170
147172
147173
147175
147176
147178
147179
147180
147181
147182
147183
147184
147188
147190
147191
147192
147193
147196
147197
147198
147199
147200
147203
147204
147205
147206
147207
147208
147209
147210
147211
147212
147213
147214
147217
147219
147220
147222
147223
147224
147226
147227
147229
147230
147231
147232
147233
147234
147235
147237
147238
147240
147242
147243
147244
147245
147246
147247
147248
147249
147253
147254
147255
147257
147258
147260
147261
147262
147263
147265
147266
147268
147269
147270
147271
147272
147273
147275
147276
147277
147278
147279
147280
147281
147283
147285
147286
147287
147288
147289
147290
147291
147293
147294
147295
147296
147298
147300
147301
147302
147304
147306
147307
147308
147310
147311
147312
147314
147315
147316
147317
147318
147319
147320
147324
147326
147327
147328
147331
147332
147333
147334
147335
147336
147337
147338
147339
147340
147341
147342
147343
147344
147589
147590
147596
147597
147605
147606
147607
147608
147609
147611
147613
147614
147615
147617
147618
147619
147620
147621
147622
147623
147624
147625
147626
147628
147629
147632
147633
147634
147635
147636
147642
147643
147646
147648
147649
147650
147652
147653
147654
147655
147656
147657
147659
147660
147661
147662
147663
147664
147665
147666
147667
147668
147669
147672
147673
147674
147675
147676
147677
147679
147681
147683
147684
147685
147686
147687
147689
147690
147691
147695
147696
147699
147700
147702
147703
147705
147706
147708
147711
147712
147713
147714
147715
147717
147718
147719
147720
147721
147722
147724
147725
147727
147730
147732
147733
147735
147736
147738
147739
147740
147741
147742
147744
147746
147748
147749
147751
147752
147753
147756
147757
147759
147760
147761
147762
147763
147765
147771
147772
147776
147777
147778
147779
147781
147782
147789
147790
147791
147792
147793
147794
147795
147796
147797
147798
147800
147802
147804
147807
147809
147810
147811
147814
147815
147817
147818
147819
147821
147822
147823
147825
147826
147828
147829
147830
147832
147836
147837
147838
147839
147840
147841
147842
147843
147845
147847
147848
147854
147855
147856
148102
148103
148109
148110
148111
148112
148113
148118
148121
148122
148123
148124
148126
148127
148128
148129
148131
148132
148135
148138
148139
148140
148141
148142
148143
148144
148145
148146
148147
148148
148150
148151
148153
148154
148157
148158
148159
148160
148161
148163
148164
148165
148166
148167
148168
148169
148171
148173
148175
148176
148177
148182
148183
148185
148187
148189
148190
148191
148192
148194
148195
148197
148198
148199
148200
148201
148202
148203
148208
148209
148210
148211
148212
148213
148214
148218
148219
148220
148221
148223
148224
148228
148229
148230
148231
148232
148233
148234
148237
148239
148240
148242
148243
148245
148246
148248
148250
148251
148252
148253
148254
148255
148256
148258
148259
148261
148262
148263
148265
148268
148269
148270
148272
148273
148276
148277
148284
148285
148286
148288
148289
148290
148291
148292
148293
148294
148295
148296
148299
148301
148302
148305
148306
148308
148310
148312
148313
148314
148315
148316
148317
148319
148321
148322
148323
148324
148325
148326
148329
148330
148331
148332
148334
148335
148336
148337
148340
148341
148342
148345
148346
148347
148348
148349
148350
148351
148352
148353
148355
148356
148357
148358
148359
148360
148364
148365
148368
148614
148621
148622
148623
148628
148629
148630
148631
148636
148637
148638
148639
148641
148643
148644
148647
148648
148649
148650
148651
148652
148655
148656
148657
148659
148660
148662
148663
148664
148667
148668
148669
148671
148673
148674
148675
148678
148679
148682
148685
148686
148688
148690
148691
148692
148693
148694
148695
148698
148699
148700
148701
148702
148705
148706
148708
148709
148711
148714
148715
148719
148720
148721
148724
148726
148727
148729
148730
148731
148732
148733
148736
148737
148739
148740
148743
148744
148745
148746
148747
148748
148749
148750
148751
148752
148755
148756
148757
148758
148759
148760
148762
148763
148764
148766
148767
148769
148771
148772
148773
148774
148777
148778
148780
148781
148785
148795
148796
148798
148799
148801
148802
148811
148812
148813
148814
148816
148817
148820
148821
148822
148823
148824
148825
148826
148827
148828
148829
148830
148832
148833
148834
148835
148836
148839
148840
148841
148845
148846
148849
148850
148851
148852
148853
148854
148855
148859
148860
148861
148862
148863
148864
148865
148866
148869
148872
148875
148877
148878
148879
149126
149145
149146
149147
149148
149150
149151
149152
149154
149155
149156
149157
149160
149161
149162
149163
149164
149165
149166
149168
149170
149171
149172
149173
149174
149176
149177
149178
149180
149181
149182
149183
149184
149185
149186
149187
149188
149191
149192
149193
149194
149196
149197
149198
149199
149201
149204
149205
149206
149207
149209
149210
149211
149212
149214
149215
149216
149217
149219
149220
149221
149223
149224
149226
149227
149230
149231
149232
149233
149235
149236
149237
149239
149240
149241
149244
149245
149247
149248
149250
149251
149252
149255
149256
149257
149258
149259
149260
149261
149262
149263
149264
149268
149269
149270
149271
149272
149273
149275
149276
149278
149279
149281
149282
149284
149285
149287
149288
149289
149290
149291
149292
149293
149294
149295
149296
149297
149300
149306
149307
149309
149310
149313
149314
149316
149318
149319
149320
149322
149324
149325
149326
149327
149328
149330
149331
149332
149334
149336
149337
149338
149339
149340
149341
149345
149346
149347
149348
149349
149350
149354
149355
149356
149357
149359
149360
149361
149362
149363
149365
149366
149367
149368
149369
149370
149371
149372
149373
149375
149376
149379
149380
149382
149384
149385
149386
149387
149388
149389
149390
149391
149638
149639
149640
149658
149663
149664
149668
149669
149670
149671
149672
149674
149675
149677
149678
149679
149681
149682
149683
149684
149685
149686
149687
149688
149689
149691
149692
149696
149697
149698
149699
149700
149701
149702
149703
149704
149706
149709
149710
149712
149713
149716
149717
149719
149721
149723
149724
149725
149727
149728
149729
149732
149733
149735
149736
149737
149739
149742
149743
149744
149745
149746
149747
149749
149750
149751
149752
149754
149755
149756
149757
149758
149759
149760
149761
149763
149764
149765
149766
149767
149768
149769
149770
149771
149773
149775
149777
149778
149779
149780
149781
149782
149783
149784
149785
149786
149787
149789
149790
149791
149792
149794
149795
149796
149797
149799
149800
149801
149802
149803
149804
149806
149807
149808
149811
149812
149814
149815
149816
149817
149818
149819
149820
149821
149823
149824
149825
149826
149827
149828
149830
149832
149833
149834
149835
149836
149839
149840
149841
149842
149843
149844
149845
149846
149847
149848
149849
149850
149854
149855
149856
149857
149858
149859
149861
149862
149863
149864
149865
149866
149867
149869
149870
149871
149873
149874
149875
149876
149877
149878
149879
149880
149881
149882
149883
149884
149885
149887
149888
149889
149891
149893
149894
149895
149896
149897
149899
149900
149901
149903
149904
150150
150152
150153
150154
150170
150171
150173
150174
150175
150176
150177
150178
150179
150180
150181
150182
150184
150185
150188
150194
150195
150197
150198
150199
150200
150201
150202
150203
150206
150207
150208
150210
150212
150216
150218
150219
150220
150225
150226
150227
150229
150230
150234
150236
150238
150239
150240
150241
150242
150243
150245
150246
150248
150249
150250
150251
150252
150253
150254
150255
150257
150258
150259
150260
150261
150264
150266
150270
150271
150273
150274
150275
150276
150277
150279
150280
150281
150282
150283
150284
150286
150287
150288
150289
150290
150291
150292
150294
150295
150296
150297
150298
150300
150302
150303
150305
150306
150309
150310
150311
150313
150314
150315
150318
150319
150324
150326
150328
150329
150331
150333
150335
150336
150338
150339
150340
150348
150349
150350
150351
150352
150353
150355
150356
150359
150360
150361
150362
150363
150364
150365
150369
150371
150372
150375
150378
150379
150380
150381
150383
150385
150386
150387
150388
150389
150391
150392
150393
150394
150395
150396
150398
150400
150403
150404
150405
150406
150408
150409
150410
150411
150414
150415
150662
150664
150666
150667
150680
150681
150682
150684
150685
150686
150687
150690
150691
150692
150693
150694
150695
150697
150698
150699
150700
150701
150702
150703
150704
150705
150706
150707
150708
150709
150710
150712
150713
150715
150716
150719
150721
150722
150723
150724
150725
150727
150728
150729
150731
150733
150734
150737
150738
150742
150743
150745
150746
150748
150750
150751
150754
150755
150757
150758
150760
150761
150762
150763
150764
150766
150767
150768
150769
150770
150771
150772
150774
150775
150776
150778
150780
150781
150782
150783
150785
150786
150787
150788
150789
150790
150791
150793
150794
150795
150796
150797
150800
150801
150802
150803
150805
150806
150807
150808
150809
150810
150812
150813
150814
150815
150816
150817
150818
150819
150820
150821
150822
150824
150826
150827
150836
150838
150840
150842
150843
150847
150850
150851
150852
150853
150854
150861
150863
150864
150865
150866
150867
150868
150869
150870
150871
150872
150873
150874
150877
150878
150880
150881
150882
150883
150884
150885
150888
150889
150890
150891
150892
150894
150895
150896
150897
150898
150899
150900
150901
150902
150903
150904
150906
150907
150908
150910
150911
150914
150915
150916
150917
150918
150919
150920
150921
150922
150923
150924
150925
150926
151174
151175
151176
151178
151180
151181
151182
151183
151184
151193
151201
151202
151206
151209
151210
151211
151212
151213
151217
151218
151219
151222
151227
151230
151232
151234
151242
151243
151244
151245
151246
151247
151249
151251
151253
151254
151255
151256
151257
151258
151259
151260
151261
151265
151266
151267
151268
151269
151270
151271
151272
151273
151274
151275
151276
151277
151280
151281
151285
151287
151288
151289
151291
151292
151293
151294
151295
151296
151297
151298
151299
151301
151302
151303
151304
151305
151307
151309
151312
151313
151314
151317
151318
151319
151321
151322
151323
151325
151326
151328
151329
151330
151333
151334
151336
151337
151339
151344
151346
151348
151349
151350
151352
151355
151359
151360
151363
151365
151366
151367
151373
151374
151376
151381
151384
151385
151389
151390
151391
151392
151394
151395
151398
151399
151400
151401
151402
151403
151404
151405
151406
151407
151408
151409
151410
151411
151412
151413
151414
151415
151416
151417
151418
151419
151421
151422
151423
151424
151425
151426
151427
151428
151430
151432
151433
151434
151435
151437
151675
151676
151678
151690
151691
151692
151693
151694
151696
151697
151708
151709
151710
151711
151712
151713
151714
151715
151716
151717
151718
151720
151721
151723
151724
151725
151726
151728
151729
151730
151732
151733
151735
151736
151737
151738
151740
151741
151742
151743
151744
151745
151746
151747
151757
151759
151760
151761
151762
151763
151764
151765
151766
151767
151768
151769
151770
151771
151773
151775
151777
151778
151780
151781
151784
151785
151787
151788
151789
151790
151791
151792
151793
151794
151795
151796
151797
151798
151799
151800
151801
151802
151804
151805
151806
151807
151809
151812
151813
151814
151815
151816
151817
151818
151819
151822
151823
151824
151825
151826
151827
151828
151829
151830
151831
151832
151833
151834
151835
151836
151837
151838
151840
151841
151842
151844
151845
151846
151847
151848
151850
151851
151852
151854
151855
151856
151857
151858
151859
151860
151862
151863
151865
151866
151867
151868
151869
151871
151872
151873
151874
151875
151876
151878
151879
151880
151886
151887
151888
151889
151890
151891
151892
151893
151894
151895
151896
151902
151904
151906
151907
151909
151910
151911
151913
151914
151916
151918
151919
151920
151923
151924
151926
151927
151929
151930
151931
151932
151933
151934
151936
151937
151938
151939
151940
151941
151943
151944
151945
151946
151948
151949
151950
152187
152188
152190
152191
152204
152209
152210
152218
152219
152220
152224
152226
152227
152229
152230
152233
152235
152236
152237
152241
152242
152244
152246
152247
152248
152249
152250
152251
152252
152253
152254
152255
152256
152257
152259
152260
152271
152272
152273
152274
152276
152277
152281
152283
152284
152285
152286
152287
152288
152292
152297
152299
152301
152302
152306
152307
152308
152309
152310
152312
152313
152317
152318
152319
152320
152321
152322
152323
152324
152325
152327
152328
152329
152330
152331
152332
152334
152335
152337
152338
152343
152344
152346
152347
152348
152349
152350
152351
152352
152353
152354
152355
152357
152360
152361
152362
152363
152364
152365
152366
152367
152368
152369
152370
152375
152377
152378
152381
152382
152383
152385
152386
152388
152389
152390
152399
152400
152402
152404
152405
152407
152409
152410
152413
152414
152415
152416
152417
152418
152419
152421
152422
152423
152424
152426
152428
152429
152432
152433
152434
152438
152439
152440
152441
152442
152443
152444
152445
152446
152447
152448
152449
152450
152451
152453
152457
152458
152459
152461
152695
152696
152697
152698
152700
152701
152702
152708
152709
152710
152714
152715
152717
152718
152719
152722
152723
152724
152725
152726
152735
152736
152737
152739
152741
152742
152743
152744
152746
152747
152748
152754
152755
152756
152757
152759
152761
152762
152763
152764
152765
152766
152767
152768
152769
152770
152771
152783
152784
152785
152786
152787
152788
152789
152790
152791
152794
152795
152798
152799
152800
152801
152802
152807
152811
152813
152814
152815
152816
152818
152820
152821
152823
152824
152825
152826
152827
152828
152829
152833
152834
152835
152836
152838
152839
152840
152842
152844
152845
152846
152847
152848
152849
152850
152851
152852
152854
152855
152857
152858
152859
152860
152861
152864
152865
152866
152867
152868
152869
152870
152871
152872
152873
152874
152875
152876
152879
152880
152881
152882
152883
152884
152885
152886
152887
152888
152889
152895
152896
152897
152898
152899
152900
152912
152913
152914
152918
152919
152920
152921
152923
152924
152925
152928
152929
152931
152932
152933
152935
152939
152940
152941
152942
152944
152945
152946
152952
152953
152957
152958
152960
152961
152963
152964
152965
152966
152967
152968
152969
152970
152971
153208
153210
153211
153212
153213
153214
153215
153216
153217
153218
153219
153220
153223
153227
153228
153229
153231
153232
153233
153234
153248
153249
153250
153251
153253
153255
153266
153267
153268
153269
153270
153271
153272
153273
153274
153276
153277
153278
153297
153298
153299
153300
153301
153303
153304
153305
153306
153308
153309
153310
153312
153313
153314
153315
153316
153317
153319
153320
153324
153325
153328
153332
153333
153335
153336
153337
153338
153340
153341
153342
153343
153344
153345
153346
153347
153351
153352
153353
153354
153356
153358
153359
153360
153361
153362
153364
153365
153366
153367
153368
153370
153371
153372
153375
153376
153377
153378
153379
153380
153382
153384
153386
153389
153390
153391
153392
153394
153399
153401
153402
153403
153404
153408
153410
153411
153413
153424
153427
153428
153429
153430
153431
153434
153436
153437
153438
153439
153442
153443
153444
153446
153447
153448
153449
153450
153454
153458
153463
153464
153465
153467
153468
153470
153471
153472
153473
153474
153477
153478
153479
153480
153481
153482
153483
153484
153485
153722
153723
153732
153733
153734
153735
153736
153738
153739
153742
153743
153761
153762
153763
153764
153765
153779
153780
153781
153782
153783
153784
153785
153786
153787
153789
153792
153793
153794
153795
153809
153811
153812
153815
153816
153818
153820
153821
153822
153823
153824
153825
153826
153828
153829
153830
153831
153832
153833
153835
153837
153839
153840
153841
153844
153845
153846
153847
153848
153849
153852
153853
153854
153855
153856
153859
153860
153861
153862
153864
153866
153869
153871
153873
153874
153876
153877
153878
153879
153880
153881
153882
153883
153888
153889
153892
153893
153894
153895
153896
153897
153898
153899
153900
153901
153902
153903
153912
153913
153915
153916
153917
153919
153920
153922
153923
153925
153926
153927
153930
153931
153932
153933
153934
153936
153937
153939
153942
153944
153946
153947
153948
153949
153950
153954
153957
153958
153960
153962
153966
153967
153969
153970
153976
153977
153978
153980
153981
153982
153983
153985
153986
153992
153993
153994
153995
153997
153999
154235
154243
154244
154246
154248
154249
154250
154255
154256
154257
154290
154291
154292
154293
154294
154296
154298
154299
154300
154301
154302
154303
154304
154307
154323
154328
154331
154332
154333
154334
154335
154337
154338
154339
154340
154342
154343
154344
154347
154351
154353
154354
154355
154356
154357
154358
154359
154360
154362
154365
154368
154369
154371
154372
154373
154374
154376
154377
154378
154380
154381
154382
154385
154386
154387
154389
154390
154391
154392
154393
154395
154396
154399
154402
154403
154406
154409
154410
154411
154412
154415
154424
154426
154427
154428
154430
154431
154434
154435
154436
154438
154440
154441
154442
154443
154444
154446
154448
154451
154452
154453
154454
154455
154456
154457
154459
154460
154461
154462
154463
154465
154466
154469
154470
154472
154474
154475
154478
154479
154480
154481
154489
154490
154491
154492
154493
154495
154497
154504
154505
154506
154509
154511
154746
154747
154748
154749
154750
154754
154755
154759
154760
154799
154800
154801
154802
154803
154804
154805
154806
154807
154808
154809
154810
154811
154816
154817
154819
154843
154845
154846
154847
154848
154849
154850
154852
154854
154858
154859
154862
154863
154865
154866
154869
154870
154871
154872
154874
154875
154881
154885
154886
154887
154888
154890
154891
154892
154896
154897
154899
154900
154902
154903
154904
154905
154906
154907
154909
154910
154911
154913
154914
154915
154916
154917
154918
154919
154920
154921
154922
154923
154924
154925
154926
154928
154936
154937
154940
154941
154943
154944
154945
154946
154947
154949
154950
154951
154952
154953
154956
154957
154958
154959
154960
154963
154964
154965
154967
154968
154969
154970
154972
154973
154974
154975
154977
154981
154982
154983
154985
154986
154987
154988
154989
154990
154992
154993
154994
155000
155001
155002
155003
155005
155006
155007
155008
155009
155010
155011
155012
155013
155015
155016
155019
155021
155022
155023
155258
155262
155263
155264
155265
155271
155311
155313
155316
155317
155318
155320
155321
155322
155323
155324
155325
155326
155327
155328
155330
155331
155332
155354
155355
155356
155357
155358
155359
155361
155362
155363
155364
155365
155366
155368
155369
155370
155373
155374
155375
155377
155378
155379
155380
155383
155384
155385
155386
155387
155389
155392
155393
155394
155395
155396
155398
155399
155400
155401
155403
155407
155408
155410
155411
155412
155413
155414
155415
155418
155419
155420
155421
155422
155424
155426
155428
155429
155430
155431
155432
155434
155436
155437
155438
155439
155440
155441
155448
155449
155452
155454
155455
155457
155458
155459
155460
155461
155462
155463
155464
155465
155476
155477
155478
155480
155482
155483
155484
155485
155486
155493
155499
155500
155501
155502
155503
155504
155505
155518
155520
155523
155524
155526
155527
155528
155529
155530
155531
155532
155533
155534
155535
155775
155777
155778
155779
155780
155823
155824
155828
155829
155831
155832
155833
155838
155840
155841
155844
155845
155865
155866
155867
155868
155869
155870
155871
155873
155874
155875
155876
155877
155878
155879
155880
155882
155883
155884
155885
155887
155888
155892
155893
155895
155897
155900
155901
155903
155904
155905
155907
155908
155913
155914
155921
155922
155923
155926
155927
155929
155930
155931
155934
155935
155936
155937
155938
155939
155940
155942
155943
155944
155945
155946
155948
155949
155951
155953
155959
155960
155961
155962
155963
155964
155967
155968
155969
155970
155971
155972
155973
155974
155975
155978
155979
155980
155981
155982
155983
155989
155991
155992
155995
155996
156009
156013
156014
156015
156016
156017
156018
156026
156027
156029
156030
156033
156034
156035
156036
156037
156038
156039
156040
156041
156042
156044
156046
156290
156340
156341
156344
156345
156346
156350
156351
156352
156353
156357
156377
156378
156379
156380
156381
156382
156388
156389
156390
156391
156392
156393
156395
156398
156399
156402
156403
156404
156407
156411
156413
156414
156416
156417
156419
156421
156422
156423
156424
156425
156426
156428
156434
156435
156436
156437
156438
156442
156443
156446
156448
156449
156450
156452
156453
156456
156462
156463
156464
156466
156468
156470
156471
156472
156474
156477
156479
156480
156482
156483
156485
156486
156487
156488
156489
156490
156492
156501
156505
156506
156507
156512
156513
156514
156515
156518
156519
156520
156521
156524
156525
156526
156527
156528
156530
156532
156538
156539
156540
156541
156542
156543
156544
156545
156546
156547
156550
156553
156554
156555
156556
156557
156559
156560
156801
156802
156852
156853
156856
156862
156864
156889
156892
156893
156894
156895
156898
156899
156900
156901
156902
156904
156905
156907
156908
156910
156911
156912
156913
156915
156916
156918
156920
156922
156923
156925
156926
156927
156928
156929
156930
156931
156932
156933
156936
156937
156938
156940
156941
156943
156946
156947
156948
156949
156950
156954
156955
156959
156960
156961
156962
156964
156965
156966
156967
156968
156969
156975
156976
156978
156979
156980
156982
156983
156984
156987
156988
156989
156990
156991
156992
156994
156995
156996
156997
156998
156999
157000
157001
157002
157004
157005
157006
157011
157012
157013
157019
157020
157025
157026
157027
157028
157029
157030
157031
157033
157035
157036
157037
157038
157039
157040
157042
157044
157052
157053
157054
157055
157057
157058
157059
157060
157061
157062
157063
157064
157065
157066
157067
157068
157069
157070
157071
157308
157314
157315
157316
157364
157365
157366
157368
157400
157401
157403
157404
157405
157406
157407
157408
157409
157411
157412
157413
157414
157416
157417
157418
157420
157421
157422
157423
157425
157426
157428
157429
157430
157431
157432
157433
157434
157435
157436
157437
157438
157439
157441
157442
157443
157445
157450
157452
157453
157455
157456
157457
157458
157459
157461
157462
157467
157470
157471
157474
157477
157478
157479
157480
157488
157489
157490
157491
157493
157494
157495
157496
157497
157498
157499
157500
157503
157505
157506
157507
157508
157509
157510
157511
157512
157513
157515
157516
157518
157519
157524
157529
157530
157531
157537
157538
157539
157540
157541
157542
157543
157544
157545
157546
157547
157548
157550
157551
157554
157555
157556
157565
157566
157568
157569
157570
157573
157574
157575
157578
157580
157581
157582
157583
157817
157818
157819
157820
157821
157825
157826
157913
157914
157916
157917
157920
157922
157923
157925
157926
157927
157929
157931
157933
157936
157937
157938
157940
157943
157949
157950
157953
157954
157955
157957
157958
157960
157963
157964
157965
157966
157968
157969
157970
157971
157973
157974
157975
157978
157979
157980
157982
157983
157986
157987
157988
157989
157990
157991
157992
157993
157998
157999
158000
158001
158002
158003
158004
158005
158006
158007
158009
158010
158012
158015
158016
158017
158018
158019
158020
158022
158023
158026
158027
158035
158036
158037
158038
158040
158042
158047
158048
158049
158051
158052
158053
158054
158055
158056
158057
158058
158059
158060
158061
158062
158063
158064
158065
158068
158080
158087
158089
158090
158091
158092
158093
158094
158095
158329
158333
158334
158335
158336
158337
158338
158426
158427
158428
158430
158432
158433
158434
158435
158436
158437
158438
158439
158440
158441
158442
158443
158444
158445
158446
158447
158448
158450
158452
158454
158455
158456
158458
158459
158460
158461
158462
158463
158464
158465
158468
158469
158470
158472
158473
158475
158476
158478
158479
158482
158486
158489
158490
158491
158492
158494
158496
158498
158499
158500
158502
158503
158504
158505
158507
158508
158509
158510
158511
158513
158514
158516
158517
158518
158519
158520
158521
158522
158526
158527
158528
158529
158530
158531
158532
158533
158535
158536
158538
158542
158543
158546
158547
158548
158551
158552
158554
158555
158556
158561
158562
158563
158564
158565
158566
158567
158568
158569
158570
158571
158572
158574
158575
158577
158578
158579
158580
158599
158601
158603
158604
158606
158607
158837
158838
158839
158840
158841
158844
158845
158849
158941
158942
158943
158944
158946
158948
158949
158950
158951
158952
158954
158955
158956
158957
158958
158961
158963
158964
158966
158968
158969
158970
158971
158975
158976
158978
158979
158980
158982
158984
158986
158987
158988
158989
158990
158991
158993
158994
158995
158996
158997
158999
159000
159001
159002
159003
159004
159005
159007
159008
159009
159011
159012
159013
159015
159017
159018
159020
159021
159022
159024
159025
159026
159027
159028
159029
159031
159033
159034
159036
159037
159038
159039
159040
159041
159043
159044
159046
159047
159049
159050
159054
159055
159058
159059
159060
159062
159063
159068
159072
159073
159074
159075
159076
159079
159080
159081
159083
159084
159085
159086
159087
159089
159090
159119
159120
159348
159349
159351
159352
159357
159361
159455
159456
159457
159460
159462
159463
159465
159466
159467
159468
159470
159472
159473
159474
159475
159478
159483
159484
159487
159490
159492
159493
159494
159495
159496
159497
159498
159499
159501
159503
159504
159505
159507
159508
159509
159510
159511
159513
159515
159517
159518
159519
159521
159522
159524
159525
159526
159528
159529
159532
159533
159534
159535
159536
159537
159538
159539
159540
159542
159543
159545
159546
159547
159548
159549
159550
159553
159556
159557
159558
159559
159560
159561
159563
159566
159567
159568
159569
159570
159571
159572
159573
159574
159575
159580
159584
159585
159587
159588
159589
159590
159592
159596
159598
159599
159601
159859
159860
159864
159868
159869
159965
159966
159967
159969
159970
159971
159973
159974
159976
159977
159979
159980
159982
159983
159984
159985
159986
159987
159988
159989
159990
159991
159995
159996
159997
159998
159999
160000
160001
160002
160003
160005
160009
160010
160011
160012
160014
160015
160017
160018
160019
160021
160022
160023
160026
160027
160029
160031
160032
160033
160034
160035
160036
160037
160038
160039
160040
160043
160044
160045
160046
160047
160048
160049
160050
160053
160054
160055
160056
160057
160058
160059
160060
160061
160063
160066
160067
160068
160069
160071
160072
160073
160074
160075
160076
160077
160079
160080
160081
160083
160084
160086
160096
160097
160100
160101
160102
160103
160104
160109
160110
160111
160113
160370
160371
160374
160375
160386
160472
160478
160479
160480
160481
160482
160483
160484
160485
160488
160493
160495
160496
160507
160508
160509
160512
160513
160515
160517
160518
160521
160523
160525
160526
160528
160529
160530
160531
160532
160533
160534
160537
160538
160539
160540
160541
160542
160544
160545
160546
160547
160548
160550
160552
160553
160554
160555
160557
160558
160559
160561
160562
160563
160564
160565
160567
160568
160569
160570
160571
160572
160574
160575
160576
160577
160578
160580
160582
160584
160585
160586
160589
160590
160594
160595
160596
160597
160598
160603
160608
160610
160612
160613
160614
160615
160621
160622
160623
160624
160625
160820
160821
160822
160881
160882
160887
160888
160893
160898
160984
160985
160986
160987
160989
160991
160993
160994
160998
160999
161000
161001
161002
161003
161004
161005
161018
161019
161021
161022
161023
161024
161029
161030
161031
161032
161034
161035
161036
161037
161039
161040
161041
161042
161043
161044
161046
161047
161048
161050
161052
161053
161055
161056
161057
161058
161059
161063
161064
161065
161067
161069
161070
161074
161076
161078
161079
161081
161082
161083
161084
161087
161088
161089
161090
161091
161092
161093
161094
161097
161098
161100
161101
161102
161103
161105
161106
161107
161108
161109
161110
161111
161114
161115
161122
161124
161126
161332
161334
161335
161393
161395
161400
161401
161402
161403
161404
161405
161406
161407
161408
161409
161410
161414
161493
161494
161495
161496
161501
161503
161506
161507
161508
161509
161510
161513
161514
161516
161531
161532
161533
161536
161537
161539
161540
161542
161546
161547
161548
161549
161551
161553
161555
161556
161557
161558
161560
161561
161562
161566
161567
161568
161571
161572
161574
161575
161576
161578
161580
161581
161582
161586
161587
161589
161590
161591
161592
161593
161594
161595
161596
161597
161599
161600
161601
161602
161604
161605
161607
161608
161609
161610
161611
161613
161614
161615
161616
161617
161618
161621
161623
161624
161625
161626
161627
161628
161630
161631
161633
161634
161636
161637
161638
161844
161847
161904
161905
161906
161907
161913
161918
161922
161923
161924
161925
161926
162003
162004
162005
162008
162009
162013
162016
162019
162021
162027
162028
162044
162045
162047
162048
162049
162052
162054
162055
162058
162059
162060
162064
162065
162067
162068
162069
162074
162075
162076
162077
162079
162080
162084
162085
162086
162087
162088
162089
162090
162092
162094
162095
162100
162102
162103
162104
162105
162106
162107
162108
162109
162110
162111
162112
162114
162115
162116
162117
162118
162120
162121
162122
162123
162124
162125
162126
162127
162128
162129
162131
162132
162134
162135
162137
162138
162140
162142
162143
162144
162145
162146
162147
162148
162149
162150
162342
162343
162344
162356
162359
162419
162420
162425
162435
162438
162439
162440
162443
162515
162517
162520
162521
162522
162523
162524
162525
162526
162527
162528
162529
162530
162531
162533
162534
162540
162541
162553
162555
162556
162557
162559
162564
162565
162566
162567
162570
162571
162576
162578
162579
162580
162584
162585
162587
162592
162596
162597
162598
162600
162602
162603
162605
162607
162611
162612
162613
162614
162615
162617
162618
162619
162620
162622
162623
162625
162629
162630
162631
162632
162634
162635
162636
162637
162640
162641
162642
162644
162646
162647
162648
162650
162651
162656
162657
162658
162659
162660
162661
162662
162838
162839
162840
162843
162844
162845
162846
162853
162854
162856
162868
162870
162871
162931
162932
162936
162937
162946
162947
162952
162953
162954
162955
163028
163029
163035
163038
163040
163041
163042
163046
163065
163066
163067
163070
163071
163077
163078
163082
163083
163084
163087
163088
163090
163091
163092
163095
163096
163104
163105
163108
163109
163110
163111
163114
163115
163116
163117
163122
163124
163125
163126
163128
163129
163130
163131
163132
163133
163134
163135
163137
163138
163140
163146
163147
163149
163150
163151
163152
163154
163155
163156
163159
163160
163161
163162
163163
163169
163174
163175
163349
163350
163352
163355
163358
163359
163360
163365
163368
163369
163370
163375
163376
163377
163378
163379
163380
163383
163384
163385
163444
163445
163448
163449
163458
163464
163550
163551
163552
163554
163555
163556
163557
163558
163559
163564
163565
163582
163588
163589
163590
163592
163593
163594
163595
163596
163597
163599
163602
163603
163605
163606
163607
163608
163609
163611
163612
163613
163615
163616
163623
163624
163627
163628
163629
163631
163632
163633
163634
163635
163636
163637
163639
163640
163641
163642
163643
163644
163645
163647
163648
163649
163650
163651
163652
163653
163654
163655
163656
163657
163658
163660
163661
163662
163663
163664
163665
163670
163671
163674
163859
163860
163861
163864
163865
163866
163867
163872
163877
163882
163887
163897
163954
163955
163956
163961
163970
163971
163975
163976
163977
163978
163979
164062
164063
164065
164067
164068
164069
164073
164076
164102
164103
164104
164107
164108
164110
164111
164112
164113
164114
164116
164117
164120
164122
164123
164124
164125
164127
164129
164132
164133
164134
164135
164136
164138
164141
164142
164143
164144
164145
164146
164147
164149
164150
164151
164153
164155
164156
164157
164158
164159
164160
164161
164162
164163
164165
164166
164167
164168
164170
164171
164172
164173
164174
164175
164176
164177
164178
164179
164180
164181
164184
164185
164186
164371
164384
164385
164386
164389
164392
164393
164394
164399
164409
164410
164411
164412
164467
164469
164472
164473
164474
164491
164575
164576
164577
164578
164579
164581
164582
164583
164584
164585
164587
164588
164611
164612
164613
164614
164615
164616
164617
164618
164619
164621
164622
164625
164628
164629
164632
164633
164635
164636
164641
164646
164647
164648
164649
164650
164652
164654
164657
164658
164661
164662
164663
164665
164667
164668
164669
164671
164672
164673
164674
164675
164676
164677
164678
164679
164680
164681
164682
164683
164687
164688
164690
164691
164693
164694
164883
164898
164899
164900
164901
164904
164911
164924
164978
164979
164980
164981
164982
164984
165001
165002
165003
165090
165094
165097
165098
165099
165125
165127
165129
165133
165136
165137
165138
165139
165141
165142
165144
165145
165148
165151
165152
165153
165159
165160
165161
165164
165165
165166
165167
165169
165172
165173
165174
165175
165177
165178
165179
165180
165181
165182
165184
165187
165188
165189
165190
165191
165192
165193
165194
165195
165196
165197
165200
165202
165395
165412
165416
165419
165420
165421
165422
165423
165436
165437
165438
165439
165440
165490
165494
165495
165496
165515
165601
165602
165603
165611
165634
165635
165636
165638
165639
165642
165643
165644
165645
165649
165650
165651
165654
165655
165656
165657
165658
165659
165660
165662
165663
165666
165671
165673
165675
165676
165677
165678
165680
165681
165685
165686
165687
165688
165690
165693
165694
165695
165696
165697
165698
165702
165704
165706
165708
165709
165710
165712
165713
165907
165928
165931
165949
165952
166006
166024
166025
166027
166146
166148
166149
166150
166156
166157
166162
166163
166164
166166
166169
166170
166172
166174
166175
166176
166177
166178
166179
166180
166182
166183
166184
166185
166186
166187
166190
166191
166193
166196
166197
166198
166199
166200
166202
166203
166204
166205
166208
166209
166214
166215
166217
166218
166219
166222
166223
166224
166419
166423
166424
166425
166426
166440
166441
166442
166443
166464
166465
166467
166468
166469
166470
166527
166531
166532
166533
166534
166536
166537
166538
166539
166657
166658
166659
166662
166663
166664
166665
166669
166675
166676
166677
166678
166679
166681
166684
166685
166686
166688
166691
166692
166693
166694
166695
166696
166697
166698
166700
166701
166702
166703
166707
166708
166709
166711
166712
166713
166716
166717
166718
166720
166728
166730
166731
166733
166734
166735
166931
166935
166938
166977
166978
166979
166982
166983
166984
166985
167039
167041
167042
167044
167046
167047
167048
167174
167186
167187
167188
167189
167190
167191
167192
167195
167196
167198
167199
167200
167202
167203
167204
167206
167208
167209
167213
167215
167216
167218
167221
167222
167223
167224
167226
167227
167229
167230
167236
167237
167238
167239
167240
167241
167242
167244
167245
167246
167247
167248
167249
167250
167443
167444
167445
167446
167447
167450
167451
167452
167453
167497
167550
167551
167552
167553
167554
167555
167556
167559
167699
167703
167704
167705
167706
167708
167710
167711
167712
167713
167714
167715
167717
167718
167719
167721
167722
167723
167725
167726
167727
167728
167729
167730
167731
167732
167734
167736
167737
167739
167740
167742
167743
167744
167751
167752
167753
167754
167755
167756
167757
167758
167759
167761
167762
167763
167965
168009
168010
168059
168060
168061
168062
168066
168071
168212
168213
168214
168215
168216
168217
168218
168219
168221
168222
168223
168224
168225
168226
168227
168229
168230
168231
168236
168237
168238
168241
168242
168243
168244
168246
168249
168251
168253
168254
168255
168263
168265
168270
168271
168272
168274
168476
168477
168521
168567
168571
168574
168576
168577
168578
168583
168725
168727
168730
168731
168732
168733
168734
168735
168737
168738
168740
168741
168742
168749
168751
168752
168753
168754
168756
168757
168758
168760
168761
168762
168763
168764
168765
168770
168774
168777
168987
168988
169033
169079
169080
169083
169237
169239
169240
169242
169243
169245
169247
169248
169249
169250
169251
169257
169261
169263
169271
169272
169273
169274
169276
169277
169278
169279
169282
169283
169284
169285
169286
169287
169289
169290
169499
169544
169545
169589
169590
169591
169595
169596
169597
169748
169749
169750
169754
169755
169756
169757
169758
169760
169761
169763
169764
169765
169766
169767
169768
169769
169770
169771
169772
169781
169782
169784
169785
169786
169788
169790
169791
169792
169793
169794
169795
169799
169800
169801
170004
170005
170006
170007
170008
170009
170010
170011
170056
170101
170103
170104
170105
170107
170261
170262
170264
170265
170268
170269
170271
170272
170276
170277
170279
170280
170283
170293
170294
170295
170296
170297
170298
170299
170301
170302
170303
170306
170307
170309
170310
170313
170314
170315
170516
170568
170569
170574
170575
170576
170582
170584
170611
170612
170613
170617
170618
170619
170771
170772
170773
170774
170775
170776
170779
170780
170789
170793
170794
170795
170806
170808
170809
170810
170814
170815
170816
170818
170819
170820
170821
170822
171027
171028
171081
171082
171083
171084
171086
171088
171094
171095
171096
171097
171123
171124
171129
171285
171286
171287
171290
171291
171306
171322
171323
171325
171326
171327
171332
171538
171539
171596
171597
171598
171600
171601
171602
171604
171605
171606
171609
171610
171611
171612
171613
171614
171615
171619
171620
171621
171622
171635
171641
171798
171799
171802
171818
171835
171836
171837
171838
171840
171841
171842
171843
171844
172050
172113
172116
172125
172127
172128
172129
172131
172134
172135
172136
172137
172142
172147
172346
172347
172348
172349
172350
172351
172356
172561
172562
172625
172626
172627
172628
172641
172642
172643
172644
172648
172649
172650
172651
172652
172653
172654
172655
172658
172659
172859
172860
172862
173073
173162
173167
173170
173370
173371
173372
173373
173374
173584
173585
173674
173679
173680
173681
173682
173884
173885
173886
173887
173888
174087
174088
174089
174090
174091
174092
174096
174191
174193
174396
174398
174400
174599
174604
174605
174606
174608
174705
174909
174910
174911
175111
175118
175119
175120
175423
175620
175621
175622
175623
176132
176644
177156
177157
177158
177670
178182
178688
178689
178690
178691
178692
178693
178694
