115474
115479
115985
115986
115989
115990
115991
115992
116498
116499
116500
116501
116502
116504
116505
117009
117010
117014
117519
117520
117521
117522
118030
118032
118537
118538
118539
118540
118541
118542
118543
118544
118586
118589
119049
119050
119053
119054
119057
119096
119097
119098
119099
119100
119101
119561
119564
119565
119566
119568
119569
119570
119605
119606
119607
119608
119610
119612
119613
120067
120068
120070
120071
120076
120078
120079
120080
120081
120122
120124
120579
120582
120583
120588
120589
120590
120591
120630
120631
120632
120633
120634
120636
120637
120638
121091
121092
121093
121094
121095
121099
121100
121101
121102
121103
121130
121131
121132
121142
121146
121147
121580
121581
121582
121583
121603
121604
121605
121607
121608
121611
121612
121614
121615
121640
121641
121642
121643
121644
121656
121657
121658
121659
121660
121661
121662
122092
122093
122095
122096
122115
122117
122118
122119
122120
122121
122124
122125
122126
122127
122151
122152
122153
122156
122157
122158
122172
122173
122594
122604
122614
122616
122621
122622
122623
122627
122632
122633
122634
122635
122636
122637
122638
122639
122641
122642
122643
122664
122668
122669
122670
122671
122680
122682
122683
122684
123103
123104
123105
123106
123107
123108
123109
123110
123114
123115
123116
123117
123118
123119
123122
123124
123125
123126
123127
123128
123134
123135
123138
123145
123146
123147
123148
123149
123150
123151
123152
123153
123154
123155
123164
123165
123169
123172
123175
123178
123179
123180
123181
123182
123191
123192
123193
123194
123196
123614
123617
123618
123619
123620
123622
123628
123629
123631
123633
123634
123635
123636
123638
123639
123645
123646
123647
123648
123649
123650
123657
123658
123661
123662
123664
123666
123668
123669
123676
123677
123678
123680
123681
123682
123683
123684
123685
123686
123687
123689
123690
123691
123692
123696
123698
123702
123703
123705
123706
123707
123708
124122
124124
124125
124126
124127
124129
124130
124131
124135
124136
124138
124141
124145
124147
124148
124150
124154
124156
124157
124158
124159
124162
124166
124168
124170
124175
124176
124177
124178
124179
124180
124181
124182
124186
124187
124189
124195
124196
124197
124198
124199
124200
124201
124202
124205
124206
124208
124210
124213
124214
124218
124219
124220
124634
124635
124636
124639
124640
124641
124642
124643
124644
124645
124646
124647
124648
124649
124650
124651
124652
124653
124654
124658
124659
124660
124661
124662
124665
124666
124667
124668
124670
124672
124673
124677
124678
124679
124680
124681
124682
124686
124688
124689
124690
124692
124695
124697
124698
124699
124700
124701
124702
124703
124704
124706
124707
124708
124709
124714
124715
124716
124717
124718
124720
124722
124723
124725
124726
124727
124728
124730
124731
124732
124733
124734
124735
124736
124738
125147
125150
125151
125152
125154
125158
125159
125161
125164
125165
125169
125170
125171
125174
125176
125177
125179
125180
125181
125182
125183
125184
125185
125186
125187
125188
125189
125190
125192
125193
125194
125195
125198
125199
125200
125202
125204
125205
125207
125208
125209
125210
125211
125213
125214
125215
125216
125219
125225
125226
125227
125228
125229
125231
125232
125233
125234
125235
125236
125237
125239
125240
125242
125243
125245
125246
125248
125249
125250
125664
125665
125666
125668
125669
125671
125672
125673
125674
125676
125678
125679
125680
125681
125682
125683
125685
125686
125688
125689
125691
125693
125697
125698
125699
125700
125701
125702
125705
125706
125707
125708
125710
125711
125713
125715
125716
125720
125721
125722
125723
125725
125726
125727
125732
125739
125741
125742
125743
125744
125745
125750
125751
125753
125754
125757
125758
125761
125762
125763
126178
126180
126181
126182
126185
126186
126187
126190
126192
126193
126194
126197
126198
126199
126200
126201
126202
126203
126204
126205
126209
126210
126211
126213
126216
126217
126218
126220
126221
126222
126224
126225
126227
126229
126233
126234
126237
126238
126239
126244
126251
126253
126255
126258
126259
126260
126263
126265
126266
126267
126268
126270
126275
126690
126692
126694
126695
126696
126699
126702
126705
126706
126707
126708
126709
126711
126712
126713
126714
126715
126717
126718
126719
126720
126721
126725
126726
126728
126729
126730
126731
126732
126733
126734
126736
126739
126740
126741
126744
126745
126746
126747
126748
126749
126751
126752
126754
126755
126756
126757
126763
126765
126766
126768
126769
126770
126775
126777
126778
126779
126780
126782
126786
126787
127201
127202
127203
127204
127207
127208
127209
127210
127212
127213
127214
127216
127219
127220
127222
127223
127224
127226
127227
127230
127231
127232
127233
127234
127237
127238
127239
127241
127242
127245
127246
127248
127249
127250
127251
127252
127255
127256
127257
127258
127259
127260
127262
127263
127265
127266
127267
127269
127271
127275
127277
127278
127280
127281
127282
127283
127284
127285
127286
127290
127292
127295
127296
127297
127298
127707
127710
127711
127712
127713
127717
127719
127720
127721
127723
127724
127725
127726
127727
127728
127729
127730
127733
127734
127735
127736
127737
127738
127739
127741
127742
127744
127745
127750
127751
127755
127756
127758
127759
127761
127762
127764
127765
127766
127767
127768
127769
127770
127771
127774
127775
127776
127777
127778
127779
127781
127782
127783
127786
127787
127788
127789
127790
127791
127794
127797
127798
127802
127804
127805
127806
127807
127808
127809
127810
127811
128212
128218
128219
128223
128227
128228
128229
128232
128234
128236
128237
128238
128239
128240
128241
128242
128243
128245
128248
128249
128250
128251
128252
128253
128255
128257
128258
128263
128265
128266
128267
128268
128269
128270
128271
128272
128273
128274
128275
128276
128278
128281
128282
128283
128284
128285
128286
128288
128289
128290
128291
128293
128294
128297
128298
128299
128301
128303
128308
128309
128314
128315
128320
128724
128725
128731
128732
128734
128735
128738
128739
128741
128742
128743
128744
128745
128746
128749
128756
128757
128758
128759
128760
128761
128762
128763
128764
128765
128767
128768
128769
128770
128772
128774
128775
128776
128777
128778
128779
128781
128782
128783
128784
128785
128786
128787
128789
128790
128791
128793
128796
128797
128798
128799
128802
128803
128804
128805
128806
128807
128808
128810
128812
128813
128814
128815
128817
128818
128819
128820
128827
128828
128831
128832
129234
129235
129236
129237
129238
129239
129240
129241
129242
129243
129244
129245
129246
129247
129248
129252
129253
129257
129259
129260
129261
129263
129264
129265
129266
129268
129269
129270
129271
129272
129275
129276
129277
129278
129279
129280
129281
129283
129284
129285
129286
129287
129288
129289
129290
129291
129292
129293
129294
129296
129297
129298
129299
129300
129301
129302
129307
129310
129311
129312
129313
129315
129317
129318
129319
129321
129326
129327
129329
129332
129339
129342
129343
129344
129753
129754
129756
129757
129758
129759
129764
129769
129770
129771
129772
129773
129774
129775
129778
129779
129780
129781
129782
129783
129785
129786
129789
129790
129794
129795
129797
129798
129799
129800
129801
129802
129803
129804
129806
129808
129810
129811
129812
129813
129814
129816
129818
129819
129822
129823
129825
129826
129827
129828
129829
129831
129832
129833
129834
129835
129836
129837
129839
129841
129842
129843
129850
129851
129854
129856
130261
130262
130263
130265
130266
130267
130268
130269
130271
130272
130281
130282
130284
130285
130287
130288
130289
130291
130294
130295
130296
130297
130299
130300
130301
130304
130305
130306
130307
130310
130311
130312
130314
130316
130320
130322
130323
130326
130328
130330
130331
130332
130334
130336
130337
130338
130339
130341
130342
130343
130344
130345
130346
130347
130349
130350
130351
130352
130353
130361
130362
130363
130364
130365
130366
130774
130777
130778
130785
130786
130787
130788
130789
130790
130792
130793
130794
130795
130796
130797
130798
130800
130803
130804
130806
130808
130809
130810
130812
130813
130814
130816
130817
130818
130819
130820
130821
130822
130823
130824
130827
130828
130829
130833
130835
130836
130838
130840
130841
130842
130844
130845
130846
130848
130850
130851
130852
130854
130856
130857
130861
130862
130865
130866
130867
130868
130872
130873
130875
130876
130877
130878
130879
131285
131286
131287
131288
131289
131290
131292
131293
131296
131297
131298
131300
131301
131303
131304
131309
131310
131312
131313
131314
131315
131316
131317
131318
131319
131320
131321
131322
131323
131325
131327
131328
131330
131332
131333
131334
131336
131337
131338
131339
131340
131341
131343
131344
131345
131346
131347
131349
131350
131351
131352
131353
131354
131355
131356
131357
131358
131360
131361
131362
131363
131365
131368
131369
131374
131375
131376
131377
131384
131385
131386
131387
131799
131800
131802
131804
131805
131806
131807
131808
131811
131812
131818
131819
131821
131822
131823
131824
131825
131826
131829
131830
131831
131833
131834
131835
131836
131837
131838
131839
131840
131841
131842
131843
131846
131847
131848
131849
131852
131854
131855
131857
131858
131859
131861
131862
131864
131865
131866
131868
131869
131870
131875
131876
131877
131878
131880
131881
131882
131886
131887
131899
132311
132312
132313
132314
132315
132316
132318
132321
132322
132323
132324
132325
132327
132328
132330
132331
132333
132334
132335
132336
132340
132341
132342
132344
132346
132347
132348
132349
132350
132351
132358
132360
132363
132364
132366
132367
132368
132370
132371
132372
132374
132375
132376
132378
132379
132380
132382
132383
132386
132387
132388
132397
132398
132399
132818
132819
132820
132821
132822
132823
132825
132826
132827
132828
132831
132833
132838
132839
132840
132841
132842
132843
132844
132846
132847
132850
132851
132852
132853
132855
132856
132858
132859
132860
132863
132864
132870
132871
132872
132873
132876
132878
132879
132880
132881
132886
132887
132888
132890
132892
132893
132894
132895
132896
132897
132910
133333
133334
133335
133336
133337
133338
133340
133341
133342
133343
133344
133351
133352
133353
133355
133357
133359
133360
133361
133362
133364
133366
133368
133369
133370
133371
133372
133374
133376
133383
133384
133385
133386
133387
133388
133389
133393
133394
133398
133399
133400
133404
133405
133406
133408
133422
133423
133424
133846
133848
133852
133856
133863
133864
133865
133867
133868
133869
133870
133871
133872
133873
133874
133875
133876
133877
133878
133880
133881
133882
133883
133885
133886
133888
133889
133892
133893
133894
133898
133899
133901
133904
133905
133906
133910
133911
133914
133915
133918
133920
133936
133937
134358
134359
134364
134365
134366
134367
134368
134369
134376
134378
134379
134380
134381
134382
134383
134384
134386
134388
134389
134391
134393
134394
134396
134397
134398
134399
134401
134402
134405
134406
134407
134409
134412
134413
134417
134418
134426
134427
134428
134429
134430
134431
134449
134450
134871
134877
134881
134890
134891
134892
134894
134897
134898
134902
134903
134908
134911
134912
134914
134916
134918
134919
134920
134921
134922
134925
134926
134929
134930
134931
134936
134937
134938
134939
134942
134943
135400
135401
135403
135404
135405
135407
135408
135409
135410
135414
135418
135420
135421
135423
135424
135425
135427
135428
135429
135430
135433
135434
135435
135437
135440
135441
135443
135447
135449
135450
135452
135453
135454
135455
135913
135916
135917
135918
135919
135920
135921
135923
135924
135925
135926
135927
135928
135929
135930
135931
135932
135933
135935
135936
135937
135940
135941
135942
135944
135945
135947
135948
135949
135950
135951
135956
135957
135958
135959
135960
135961
135962
135963
135964
135965
136423
136424
136425
136426
136427
136428
136430
136431
136432
136436
136440
136443
136444
136446
136447
136448
136450
136451
136452
136453
136456
136457
136458
136460
136462
136463
136464
136470
136471
136472
136474
136475
136476
136478
136925
136934
136935
136936
136937
136940
136942
136943
136945
136946
136947
136948
136951
136953
136955
136956
136959
136962
136963
136965
136966
136967
136969
136972
136973
136974
136975
136976
136977
136978
136979
136986
136987
136988
136989
136990
136991
137436
137437
137438
137445
137446
137448
137449
137450
137455
137456
137460
137461
137462
137463
137464
137465
137466
137468
137471
137472
137473
137474
137475
137476
137477
137480
137481
137482
137484
137486
137487
137489
137490
137497
137498
137499
137502
137503
137504
137948
137950
137951
137956
137957
137959
137960
137962
137963
137968
137973
137975
137976
137977
137978
137980
137981
137982
137984
137985
137988
137990
137991
137994
137995
137998
138000
138001
138009
138010
138014
138016
138017
138461
138462
138463
138466
138467
138468
138474
138475
138476
138478
138479
138480
138481
138486
138487
138488
138489
138490
138491
138492
138493
138494
138495
138496
138498
138499
138500
138503
138504
138505
138506
138513
138521
138529
138970
138972
138973
138974
138975
138976
138978
138979
138980
138987
138988
138989
138990
138996
138997
138999
139000
139002
139003
139004
139007
139008
139010
139011
139013
139014
139015
139019
139479
139480
139482
139483
139485
139486
139487
139488
139489
139490
139491
139498
139500
139508
139509
139510
139511
139512
139513
139514
139516
139518
139520
139521
139522
139523
139525
139526
139527
139528
139529
139530
139531
139992
139993
139994
139995
139997
139998
139999
140001
140009
140010
140011
140013
140014
140021
140022
140023
140024
140025
140026
140027
140028
140030
140031
140035
140039
140040
140041
140043
140044
140504
140505
140507
140508
140511
140522
140523
140524
140525
140526
140527
140532
140533
140534
140535
140536
140537
140539
140540
140541
140542
140546
140547
140549
140550
140552
141015
141016
141018
141019
141020
141022
141031
141032
141033
141034
141035
141036
141037
141041
141043
141044
141046
141048
141050
141051
141052
141053
141055
141062
141063
141064
141098
141099
141100
141526
141527
141528
141529
141532
141534
141535
141538
141542
141543
141544
141547
141548
141549
141551
141552
141553
141554
141555
141556
141557
141559
141560
141561
141562
141563
141564
141565
141566
141567
141569
141570
141571
141573
141574
141576
141577
141610
141611
141612
141613
141615
142016
142038
142039
142044
142045
142046
142050
142051
142053
142054
142055
142057
142058
142059
142060
142061
142062
142063
142064
142066
142067
142068
142069
142070
142071
142072
142074
142076
142078
142079
142080
142081
142083
142084
142085
142089
142090
142119
142120
142121
142122
142124
142125
142126
142127
142527
142528
142551
142552
142554
142556
142561
142562
142563
142564
142565
142566
142567
142570
142571
142572
142574
142577
142578
142579
142582
142585
142586
142588
142589
142590
142591
142592
142593
142594
142595
142597
142598
142629
142630
142631
142634
142637
143040
143046
143048
143063
143065
143066
143067
143068
143070
143072
143073
143074
143075
143076
143077
143078
143079
143080
143081
143082
143085
143087
143089
143092
143093
143096
143098
143100
143102
143103
143104
143105
143106
143107
143109
143110
143111
143137
143140
143142
143144
143145
143548
143552
143558
143559
143560
143561
143575
143577
143578
143579
143581
143582
143584
143586
143587
143589
143590
143591
143592
143593
143594
143595
143597
143599
143600
143601
143603
143604
143605
143606
143607
143608
143609
143610
143611
143612
143613
143614
143616
143617
143618
143621
143623
143649
143650
143651
143652
143653
143654
143656
143657
143658
144060
144061
144062
144064
144071
144073
144089
144090
144092
144093
144094
144095
144096
144097
144099
144102
144103
144104
144107
144108
144109
144110
144111
144112
144113
144116
144117
144118
144119
144120
144121
144122
144124
144125
144126
144127
144133
144134
144135
144136
144160
144161
144162
144163
144167
144168
144169
144573
144574
144576
144577
144579
144580
144581
144582
144583
144585
144598
144599
144600
144601
144602
144603
144604
144605
144606
144607
144608
144612
144614
144615
144616
144620
144622
144625
144630
144632
144633
144636
144637
144638
144639
144645
144647
144648
144668
144672
144673
144674
144676
144678
144679
144680
145040
145086
145087
145089
145090
145091
145092
145095
145096
145097
145111
145112
145113
145114
145115
145116
145117
145118
145121
145122
145124
145126
145127
145130
145132
145134
145135
145136
145140
145141
145142
145144
145148
145150
145151
145152
145153
145154
145155
145156
145157
145160
145180
145181
145182
145183
145184
145185
145188
145189
145190
145191
145192
145551
145552
145553
145554
145563
145564
145565
145567
145598
145599
145600
145601
145602
145603
145604
145625
145626
145627
145629
145630
145631
145633
145634
145635
145636
145637
145638
145642
145643
145644
145647
145653
145655
145656
145659
145660
145662
145663
145664
145667
145668
145669
145671
145673
145692
145693
145694
145695
145697
145698
145699
145700
145702
145704
146057
146060
146063
146066
146077
146078
146079
146112
146113
146116
146137
146139
146142
146143
146146
146147
146149
146156
146160
146161
146165
146167
146168
146169
146170
146172
146174
146175
146178
146179
146181
146182
146183
146184
146185
146205
146206
146207
146209
146210
146215
146216
146567
146568
146569
146570
146571
146572
146573
146574
146575
146576
146578
146579
146591
146622
146624
146630
146631
146648
146649
146650
146651
146652
146653
146654
146656
146658
146659
146660
146661
146662
146663
146665
146666
146672
146677
146678
146680
146686
146688
146689
146690
146691
146692
146694
146695
146696
146697
146698
146717
146721
146722
146723
146727
147078
147079
147084
147085
147091
147092
147093
147095
147097
147101
147103
147104
147107
147123
147124
147133
147134
147135
147136
147137
147141
147142
147144
147160
147161
147163
147165
147167
147168
147169
147170
147172
147173
147175
147176
147178
147179
147184
147188
147191
147192
147193
147197
147198
147203
147204
147205
147206
147207
147208
147209
147229
147230
147231
147232
147233
147234
147235
147589
147590
147597
147605
147606
147607
147608
147609
147611
147613
147614
147615
147617
147618
147619
147621
147622
147623
147624
147625
147626
147632
147633
147634
147635
147646
147648
147649
147650
147652
147653
147654
147655
147656
147657
147672
147673
147674
147675
147677
147679
147681
147683
147684
147686
147687
147690
147696
147699
147700
147702
147703
147705
147706
147708
147713
147714
147715
147717
147718
147719
147720
147721
147722
147741
147742
147744
147746
148102
148109
148110
148121
148122
148123
148124
148127
148128
148129
148131
148132
148138
148142
148143
148145
148146
148147
148150
148151
148157
148158
148159
148160
148161
148163
148164
148165
148166
148167
148168
148169
148185
148187
148189
148190
148191
148192
148194
148197
148198
148199
148200
148202
148203
148208
148209
148210
148211
148212
148213
148214
148218
148219
148220
148221
148229
148230
148231
148234
148254
148255
148256
148258
148259
148265
148614
148621
148622
148623
148636
148637
148638
148639
148641
148643
148644
148647
148648
148649
148650
148655
148656
148657
148659
148660
148662
148663
148664
148669
148671
148673
148674
148675
148678
148679
148699
148700
148701
148702
148705
148706
148708
148709
148711
148714
148715
148719
148720
148721
148724
148726
148727
148729
148730
148731
148732
148739
148740
148743
148744
148745
148767
148769
148771
148772
148777
148778
149126
149145
149146
149147
149148
149150
149154
149155
149156
149157
149160
149162
149163
149168
149170
149171
149172
149173
149176
149180
149181
149182
149184
149185
149187
149191
149192
149193
149194
149201
149209
149210
149211
149214
149216
149217
149221
149223
149224
149226
149227
149230
149231
149232
149233
149235
149236
149237
149239
149240
149241
149244
149245
149250
149251
149252
149255
149256
149257
149278
149279
149281
149282
149284
149285
149287
149288
149289
149290
149638
149639
149640
149658
149663
149668
149669
149670
149671
149672
149674
149681
149682
149683
149684
149685
149686
149688
149691
149692
149696
149697
149698
149699
149700
149701
149703
149704
149706
149712
149713
149721
149723
149724
149725
149728
149732
149733
149735
149736
149739
149743
149744
149745
149746
149747
149752
149754
149755
149756
149757
149758
149759
149763
149764
149768
149769
149770
149789
149790
149794
149795
149796
149797
149799
149800
149801
149802
149803
150150
150152
150153
150154
150173
150174
150175
150176
150177
150178
150179
150180
150181
150182
150184
150185
150194
150197
150198
150199
150200
150201
150202
150203
150206
150207
150208
150210
150212
150216
150218
150219
150220
150225
150226
150227
150234
150236
150238
150239
150240
150241
150242
150243
150245
150248
150249
150251
150252
150253
150254
150255
150258
150260
150261
150264
150266
150270
150271
150275
150276
150277
150279
150280
150281
150282
150283
150284
150303
150305
150306
150310
150311
150313
150314
150315
150662
150666
150667
150684
150685
150690
150691
150692
150693
150697
150698
150699
150700
150701
150702
150703
150704
150705
150706
150708
150709
150710
150712
150715
150716
150722
150723
150724
150725
150727
150728
150729
150731
150733
150734
150737
150738
150745
150746
150748
150750
150751
150754
150755
150757
150758
150760
150761
150762
150763
150764
150766
150767
150769
150770
150771
150772
150775
150776
150778
150780
150781
150782
150783
150785
150786
150787
150788
150789
150790
150791
150793
150794
150795
150796
150797
150812
150813
150815
150816
150817
150818
150819
150820
150821
150822
150826
150827
151174
151175
151176
151178
151180
151181
151182
151183
151184
151202
151209
151210
151211
151212
151213
151217
151218
151219
151222
151227
151230
151232
151234
151242
151243
151244
151245
151246
151247
151249
151251
151253
151255
151256
151258
151259
151260
151261
151265
151266
151267
151268
151269
151270
151271
151272
151273
151274
151275
151276
151280
151281
151285
151287
151288
151291
151292
151293
151294
151295
151296
151297
151299
151301
151302
151303
151304
151305
151307
151309
151321
151323
151325
151326
151328
151329
151333
151334
151339
151690
151691
151692
151693
151694
151696
151697
151713
151714
151723
151725
151726
151728
151729
151730
151732
151735
151736
151738
151741
151742
151743
151744
151746
151747
151757
151759
151760
151761
151762
151763
151765
151766
151767
151768
151769
151770
151771
151775
151777
151778
151780
151781
151784
151785
151788
151789
151790
151791
151792
151794
151796
151797
151798
151799
151800
151801
151802
151804
151806
151807
151809
151812
151814
151815
151816
151817
151818
151822
151832
151833
151834
151835
151836
151837
151838
151840
151841
151842
151844
151845
151846
151847
151848
151850
151851
151852
151855
151856
152188
152190
152209
152210
152226
152236
152237
152241
152242
152244
152246
152247
152248
152249
152250
152251
152252
152253
152254
152256
152259
152260
152271
152272
152274
152277
152281
152283
152284
152285
152286
152287
152288
152292
152297
152301
152302
152306
152307
152308
152309
152312
152313
152318
152319
152320
152321
152322
152323
152324
152325
152327
152328
152329
152330
152331
152332
152334
152337
152338
152346
152347
152348
152350
152351
152352
152357
152360
152361
152362
152363
152365
152366
152367
152368
152369
152370
152698
152700
152701
152702
152708
152715
152717
152718
152719
152722
152723
152724
152725
152726
152746
152747
152748
152754
152756
152757
152759
152761
152762
152763
152764
152765
152766
152783
152784
152785
152786
152789
152790
152791
152794
152795
152798
152800
152801
152802
152813
152814
152815
152816
152818
152820
152821
152823
152824
152825
152826
152827
152828
152829
152833
152834
152835
152836
152838
152839
152840
152842
152844
152845
152846
152847
152848
152849
152850
152851
152859
152860
152865
152866
152867
152868
152869
152870
152871
152872
152873
152874
152875
152876
152879
152880
152881
152882
152883
153210
153211
153212
153214
153215
153216
153217
153218
153219
153220
153223
153227
153228
153229
153231
153232
153233
153234
153266
153267
153268
153269
153270
153271
153273
153274
153276
153277
153278
153297
153298
153299
153300
153301
153303
153305
153306
153308
153309
153310
153314
153315
153316
153317
153325
153328
153332
153333
153335
153336
153337
153338
153340
153341
153342
153343
153344
153345
153346
153347
153351
153358
153361
153362
153367
153368
153370
153371
153372
153375
153376
153377
153380
153382
153384
153386
153389
153390
153391
153392
153394
153722
153723
153732
153733
153734
153735
153736
153738
153739
153742
153743
153779
153780
153781
153783
153785
153786
153787
153789
153792
153793
153794
153795
153809
153811
153812
153820
153821
153822
153823
153824
153825
153826
153828
153829
153830
153831
153832
153833
153835
153837
153839
153840
153841
153844
153845
153846
153847
153848
153849
153852
153853
153854
153855
153856
153859
153860
153861
153862
153864
153866
153869
153873
153874
153879
153880
153881
153882
153888
153889
153892
153893
153896
153897
153898
153899
153900
153901
153902
153903
154235
154246
154248
154249
154250
154255
154290
154291
154296
154298
154299
154302
154303
154304
154307
154323
154331
154332
154333
154334
154337
154338
154340
154342
154343
154344
154347
154351
154354
154355
154356
154357
154358
154360
154365
154368
154369
154371
154373
154374
154376
154377
154378
154380
154381
154382
154385
154386
154387
154393
154395
154396
154402
154409
154410
154412
154415
154746
154747
154748
154749
154750
154801
154802
154803
154804
154807
154808
154810
154811
154816
154817
154819
154843
154845
154846
154847
154848
154849
154850
154852
154854
154858
154859
154862
154863
154865
154866
154869
154870
154871
154872
154881
154885
154886
154887
154888
154890
154891
154892
154896
154897
154899
154905
154906
154907
154913
154914
154916
154917
154918
154919
154920
154921
154922
154923
154924
154925
154926
155262
155263
155264
155265
155313
155316
155317
155318
155320
155321
155322
155323
155324
155325
155326
155327
155328
155354
155355
155356
155357
155358
155359
155361
155363
155364
155365
155366
155368
155369
155370
155373
155374
155375
155377
155378
155383
155392
155393
155394
155395
155398
155399
155400
155401
155403
155407
155408
155410
155411
155418
155419
155426
155429
155430
155432
155436
155437
155775
155777
155778
155828
155829
155832
155833
155838
155840
155841
155865
155866
155867
155868
155869
155870
155873
155875
155876
155878
155879
155882
155883
155884
155885
155887
155888
155895
155903
155904
155905
155907
155908
155913
155914
155923
155931
155935
155936
155937
155938
155939
155940
155942
155943
155944
155945
155946
155948
155949
156290
156340
156341
156352
156353
156377
156378
156379
156380
156381
156382
156388
156389
156390
156391
156393
156398
156399
156407
156417
156419
156423
156424
156425
156426
156434
156435
156436
156437
156438
156443
156448
156449
156450
156452
156453
156456
156801
156802
156852
156864
156892
156893
156894
156895
156898
156899
156900
156901
156902
156904
156905
156907
156908
156910
156911
156913
156929
156930
156936
156937
156938
156947
156948
156949
156950
156954
156955
156959
156960
156962
156964
156965
156967
156968
156969
157314
157364
157365
157366
157403
157404
157405
157407
157408
157409
157411
157412
157413
157416
157417
157418
157420
157421
157422
157423
157425
157426
157441
157442
157443
157450
157453
157457
157458
157459
157461
157462
157467
157470
157471
157474
157477
157478
157479
157480
157817
157818
157819
157820
157821
157825
157826
157916
157917
157920
157922
157923
157925
157927
157929
157931
157933
157936
157937
157938
157953
157955
157963
157964
157965
157966
157970
157971
157973
157974
157975
157978
157979
157980
157982
157983
157988
157989
157990
157991
157992
157993
158329
158333
158334
158335
158336
158337
158338
158430
158432
158433
158434
158435
158436
158437
158438
158439
158440
158441
158442
158443
158445
158446
158447
158448
158450
158454
158455
158456
158475
158478
158479
158482
158486
158489
158490
158491
158492
158498
158499
158500
158502
158503
158504
158505
158837
158838
158839
158840
158841
158844
158845
158849
158942
158943
158944
158946
158948
158949
158950
158951
158952
158954
158955
158956
158957
158958
158961
158963
158966
158986
158987
158988
158989
158990
158991
158993
158994
158995
158996
158997
158999
159000
159001
159002
159003
159004
159005
159007
159008
159009
159011
159012
159017
159018
159348
159349
159352
159361
159455
159456
159462
159465
159466
159467
159468
159470
159472
159473
159474
159475
159478
159493
159498
159499
159501
159503
159504
159505
159507
159508
159509
159510
159511
159513
159515
159517
159519
159521
159522
159524
159525
159526
159528
159529
159859
159860
159864
159973
159974
159976
159977
159979
159980
159982
159983
159984
159985
159987
159988
159989
159990
159991
160005
160009
160010
160011
160014
160015
160018
160019
160021
160022
160023
160026
160027
160029
160033
160035
160036
160037
160038
160039
160040
160370
160371
160488
160493
160495
160496
160517
160518
160521
160523
160525
160528
160529
160530
160531
160533
160534
160537
160538
160539
160544
160545
160546
160547
160548
160550
160552
160553
160554
160820
160821
160822
160881
160882
160998
160999
161000
161001
161002
161003
161004
161005
161029
161030
161031
161034
161035
161036
161037
161041
161042
161043
161044
161047
161048
161050
161055
161056
161057
161058
161059
161063
161064
161065
161332
161334
161335
161393
161400
161401
161402
161403
161404
161405
161406
161407
161408
161409
161410
161510
161513
161514
161516
161542
161547
161548
161549
161553
161555
161556
161557
161558
161560
161561
161562
161566
161567
161568
161571
161572
161574
161575
161576
161844
161847
161905
161906
161907
161913
161918
161922
161923
161924
161925
161926
162027
162028
162052
162054
162055
162058
162059
162060
162068
162074
162079
162080
162084
162085
162086
162087
162342
162343
162344
162356
162359
162419
162425
162438
162439
162440
162564
162565
162566
162570
162571
162578
162580
162592
162596
162597
162598
162838
162839
162840
162843
162844
162845
162846
162853
162854
162856
162868
162871
162931
162932
162937
162952
162953
162954
163077
163078
163082
163083
163084
163090
163091
163092
163104
163105
163108
163109
163110
163111
163349
163350
163352
163355
163358
163359
163360
163365
163368
163369
163370
163375
163376
163377
163378
163379
163380
163383
163384
163385
163444
163445
163449
163464
163588
163589
163590
163592
163593
163595
163596
163597
163602
163603
163611
163612
163613
163615
163616
163623
163624
163859
163860
163861
163864
163865
163866
163867
163872
163877
163882
163887
163897
163954
163955
163956
163961
163975
163976
163977
163978
163979
164102
164103
164104
164107
164108
164113
164114
164123
164124
164127
164134
164135
164138
164371
164384
164385
164386
164389
164392
164393
164394
164399
164409
164410
164411
164412
164467
164472
164473
164474
164491
164611
164612
164613
164614
164615
164616
164617
164618
164619
164625
164635
164636
164641
164647
164649
164650
164883
164898
164899
164900
164901
164904
164911
164924
164978
164979
164980
164981
164982
164984
165003
165125
165129
165136
165137
165138
165148
165151
165152
165153
165159
165160
165161
165395
165416
165419
165420
165421
165422
165423
165436
165437
165438
165439
165440
165490
165494
165495
165496
165515
165649
165650
165651
165659
165660
165662
165663
165666
165671
165907
165928
165931
165952
166027
166162
166163
166164
166172
166174
166175
166176
166177
166178
166179
166180
166182
166183
166184
166185
166419
166423
166424
166425
166426
166440
166441
166442
166443
166464
166465
166467
166468
166469
166470
166532
166533
166534
166536
166537
166538
166539
166676
166677
166678
166679
166684
166685
166686
166688
166691
166692
166693
166694
166695
166696
166697
166931
166935
166938
166977
166978
166979
166982
166983
166984
166985
167039
167041
167044
167046
167047
167048
167186
167187
167188
167189
167191
167195
167196
167198
167199
167202
167203
167204
167206
167208
167443
167444
167445
167446
167447
167450
167451
167452
167453
167497
167550
167551
167552
167553
167554
167555
167556
167699
167703
167710
167711
167712
167713
167715
167717
167718
167719
167965
168009
168059
168060
168061
168062
168224
168226
168227
168229
168230
168231
168476
168477
168521
168571
168737
168738
168740
168741
168742
168987
168988
169033
169083
169248
169249
169250
169499
169544
169545
169589
169590
169591
169595
169596
169760
170004
170005
170006
170007
170008
170009
170010
170011
170056
170101
170103
170104
170105
170107
170516
170568
170569
170574
170575
170576
170612
170613
170617
170618
170619
171027
171028
171081
171082
171083
171084
171086
171088
171094
171095
171096
171097
171123
171124
171538
171539
171596
171597
171598
171600
171601
171602
171604
171605
171606
171609
171610
171611
171612
171613
171614
171615
171619
171620
171621
171622
171635
172050
172113
172116
172127
172128
172129
172131
172134
172135
172136
172147
172561
172562
172625
172626
172627
172628
172641
172642
172643
172648
172649
172650
172651
172652
172653
172654
172655
172658
172659
173073
173167
173170
173584
173585
173679
173680
173681
173682
174087
174088
174089
174090
174091
174092
174096
174599
174604
174605
174606
174608
175111
175118
175119
175120
175620
175621
175622
175623
176132
176644
177156
177157
177158
177670
178182
178688
178689
178690
178691
178692
178693
178694
